	0	1	2	LOF
0	0.029354305640943736	0.9655151888015797	0.0051305055574766304	0.007567359307270993
1	0.030294617612272583	0.9630697069343618	0.006635675453365703	0.0020490873973761066
2	0.03294808572096367	0.9528478754679679	0.014204038811068393	0.0018051965839121107
3	0.029671750785593955	0.9581253252309216	0.012202923983484356	0.00014772660852066977
4	0.03343759779431201	0.9512539440985436	0.015308458107144417	0.0031061934535903985
5	0.02840651638760059	0.9582118254572785	0.01338165815512098	0.004083782443415363
6	0.027046412464096694	0.9326219012047089	0.04033168633119452	0.0037804752870082975
7	0.0	0.7824901315970095	0.21750986840299044	0.0026366570646936933
8	0.009703851137490482	0.0937546050467447	0.8965415438157649	0.004934543901295714
9	0.14004741674841645	0.0	0.8599525832515834	0.002250517606473975
10	0.14323548812520695	0.009516585496988333	0.8472479263778047	0.011614306978355167
11	0.1365107393963812	0.0	0.8634892606036187	0.007807568381128341
12	0.1465575405109008	0.0	0.8534424594890991	0.0066214151568397125
13	0.14622378083647755	0.0	0.8537762191635224	0.001066327264629891
14	0.14193981417671522	0.011187869731813235	0.8468723160914716	0.006288834683732473
15	0.14065609524997935	0.008461553778393166	0.8508823509716275	0.006054812015312173
16	0.14309198410434498	0.0	0.856908015895655	0.01132088165037736
17	0.14841665097462467	0.0	0.8515833490253752	0.0046246441159798445
18	0.14534568314670643	0.007042550460241929	0.8476117663930516	0.007045916450008733
19	0.15049441931509955	0.004999732086692399	0.844505848598208	0.007255743418250349
20	0.1498547814091157	0.0006666394817187978	0.8494785791091656	0.008811366341655254
21	0.15493659977447388	0.00016960336098235747	0.8448937968645438	0.0023875733825902395
22	0.14945277432317952	0.0	0.8505472256768204	0.007122108897270693
23	0.15660088645492773	0.0	0.8433991135450724	0.0038847137193449705
24	0.15507253082076913	0.001000754723524756	0.8439267144557061	0.001811832182386828
25	0.15767210531611422	0.0005114284911039146	0.8418164661927819	0.004868692330942009
26	0.15765827522599823	0.0	0.8423417247740017	0.0025818522857884
27	0.15936931925906855	0.001805807735527319	0.8388248730054042	5.2829847967654116e-06
28	0.16156613343570908	0.0	0.838433866564291	0.004665366875203031
29	0.1618986476421041	0.0005934018978031752	0.8375079504600927	0.000615391899662035
30	0.15946390647659334	0.00781358209478051	0.8327225114286263	0.0007768334616715285
31	0.16446404407949872	0.007847312163360353	0.8276886437571409	0.011400750236073913
32	0.1651031076736212	0.004350933562945383	0.8305459587634334	0.004132853681803398
33	0.16851378504179648	0.00784429432680333	0.8236419206314002	0.0038231994544509966
34	0.16390924879074562	0.01508180462384877	0.8210089465854057	0.011447137517661975
35	0.16820930521248983	0.007520295181229184	0.8242703996062809	0.005245348293032792
36	0.170046273926857	0.012425627534174168	0.8175280985389689	9.127338374858288e-05
37	0.17163659116475624	0.008701170800202714	0.819662238035041	0.0036071134237348214
38	0.170603370028184	0.01399087109434092	0.8154057588774751	0.001103553120338469
39	0.1754366278955411	0.009053846135986735	0.8155095259684723	0.005780493233634603
40	0.17776598764945256	0.00925550593315407	0.8129785064173933	0.002856993678672419
41	0.17679026416833415	0.01541945362603074	0.8077902822056352	0.00044586450031230257
42	0.17548133000866242	0.008235663341080512	0.816283006650257	0.0021348114829500787
43	0.18313452300963778	0.011896662055540297	0.8049688149348219	0.00866679108060534
44	0.18023949264685732	0.0178868788158626	0.80187362853728	0.003785835929324199
45	0.18103852573004187	0.021390007353373396	0.7975714669165848	0.0035205665926865176
46	0.17979966316999324	0.017332472101672696	0.8028678647283342	0.013641270905290123
47	0.18144209894378693	0.019277623001256516	0.7992802780549566	0.0018740488194801134
48	0.18587990198449852	0.017071975361746955	0.7970481226537545	0.0002413998874587581
49	0.1853150772583739	0.01805627631999661	0.7966286464216294	0.003190102832873769
50	0.18759199601171264	0.00995808327146408	0.8024499207168232	0.0006338930708820169
51	0.1910011880562495	0.015410127281818772	0.7935886846619317	0.002980012364416202
52	0.19039922803596424	0.022796820618700437	0.7868039513453353	0.003355962553052402
53	0.1898142155333123	0.020461751735419288	0.7897240327312685	0.0022515197667692874
54	0.19113384160079938	0.01810314467369335	0.7907630137255074	0.003366193797923335
55	0.19510433157397938	0.030116460160235503	0.7747792082657852	0.0010890525456267778
56	0.19926500301351593	0.0205417142559824	0.7801932827305016	0.0036060188331852863
57	0.20002036806192514	0.02409599856476291	0.7758836333733119	0.005703672230305377
58	0.19735404431767006	0.023600729873117628	0.7790452258092123	0.009188866787416395
59	0.20543399828602577	0.01304960248113077	0.7815163992328433	0.010812878424548972
60	0.20507937661683698	0.021042935110167627	0.7738776882729954	0.003794507932450024
61	0.20747724926428576	0.012534274800029358	0.7799884759356849	0.0027942524065150036
62	0.20238096621883367	0.026649691575574903	0.7709693422055913	0.002951062983205113
63	0.20558131246258465	0.012130564411591934	0.7822881231258234	0.004074030920487643
64	0.21033402358509654	0.02140255386785799	0.7682634225470455	0.0011325092341318956
65	0.2131961155971761	0.020887558663906017	0.7659163257389179	0.002778598828815575
66	0.21231020956122681	0.02750963637811178	0.7601801540606615	0.001118288265766594
67	0.20810417339767096	0.02748922970207874	0.7644065969002504	0.001380782497561486
68	0.21619504688533958	0.026834924994475512	0.756970028120185	0.00560885586206594
69	0.21269637807102823	0.024850797537194994	0.7624528243917768	0.00792208535997018
70	0.216014822464522	0.03151216509006522	0.7524730124454129	0.001793097467051364
71	0.21590502764906983	0.018557900946210133	0.76553707140472	0.0008838739975840572
72	0.2178574387584969	0.03918583668310915	0.742956724558394	0.007155179411126117
73	0.22042453800791123	0.03023566131411017	0.7493398006779786	0.003113294656186013
74	0.22403362786793982	0.029280897467611443	0.7466854746644488	0.0009360471102573488
75	0.22713051808911755	0.03627112960991518	0.7365983523009674	0.0010093178294087813
76	0.22486957039597888	0.03056626880176459	0.7445641608022565	0.00041573539909054347
77	0.22391451073770643	0.033324093424669125	0.7427613958376245	0.0003189750424923211
78	0.22324371677395624	0.0406442980310966	0.7361119851949471	0.00392201452962087
79	0.22655779166848333	0.033062581799166844	0.7403796265323498	0.0006277511347623245
80	0.22378410489183462	0.04159633228114349	0.7346195628270219	0.009725071394381102
81	0.23000849886772767	0.03993628902772346	0.7300552121045489	0.000250187355259465
82	0.23283684894336618	0.03712480885135305	0.7300383422052807	0.0036310703438572275
83	0.23078504938734562	0.028778617016250865	0.7404363335964034	0.0005688789262459381
84	0.22967083295322102	0.034566274935714986	0.7357628921110639	0.021686755559259353
85	0.2345705073190495	0.04463042781483228	0.7207990648661182	0.0005950425698728418
86	0.23536215881576886	0.034420626339286844	0.7302172148449443	0.009776862586267077
87	0.24188958425007065	0.04357873843126767	0.7145316773186615	0.0066174613298599465
88	0.2391410140789596	0.038896583963699737	0.7219624019573407	0.005399030583781192
89	0.2346818244107362	0.037860894433860745	0.7274572811554031	0.0008222303863862971
90	0.2426274435176084	0.03859383413284962	0.718778722349542	0.0008221587208101471
91	0.23971695040880217	0.04174004739594565	0.7185430021952522	0.006221452859504798
92	0.24385070507136483	0.03536946291723096	0.7207798320114043	0.0017343334670886106
93	0.24494706983422926	0.049377642447271886	0.7056752877184987	0.003044237099560827
94	0.24437443959304236	0.0444898376756359	0.7111357227313218	0.00024171525202769107
95	0.25362061922054785	0.04023643157799691	0.7061429492014553	0.005472693742361944
96	0.2510477146901709	0.03819294749066183	0.7107593378191673	0.005195772793089586
97	0.25605102455623563	0.03881082478095616	0.7051381506628082	0.009722356838003227
98	0.2579061216890334	0.038896480563648264	0.7031973977473184	0.004973791316043091
99	0.25218152307346564	0.038547151464830974	0.7092713254617032	0.002212280261274191
100	0.2598805376902247	0.03282757524813111	0.7072918870616441	0.008364115712651105
101	0.2601010985025548	0.03021358785125904	0.7096853136461861	0.0014476985090600373
102	0.26331403806677267	0.03396283478347689	0.7027231271497504	0.00359973650730878
103	0.2617151705107542	0.04521267281765886	0.6930721566715871	0.006667931085672633
104	0.2634512730872987	0.04366669880027691	0.6928820281124243	0.004036304497745689
105	0.26278518840090614	0.033568825416930154	0.7036459861821638	0.0017218834240017185
106	0.25995715477738196	0.05112166465994293	0.6889211805626752	0.0024441283185232896
107	0.2691079611493487	0.04112902784360962	0.6897630110070416	0.0010800301625749748
108	0.2661326049852802	0.05206976690214036	0.6817976281125795	0.0028104773407494686
109	0.27284287752293995	0.040682514992431994	0.6864746074846281	0.00371616222990432
110	0.27330785205933295	0.040685340852316364	0.6860068070883507	0.003604677387491007
111	0.2716772391553508	0.03825035663232802	0.6900724042123211	0.0013327908664021685
112	0.27280474620959483	0.03338222010369553	0.6938130336867097	0.010390877390460495
113	0.2716647970184786	0.04265757512735735	0.685677627854164	0.0027501116171340873
114	0.27401422458647356	0.04373852568813972	0.6822472497253868	0.0062221166245645014
115	0.2770738800700613	0.04182534655308638	0.6811007733768524	0.0012121159738960204
116	0.2762572321022989	0.04655615103968775	0.6771866168580134	0.0002502762851179952
117	0.28787661864381653	0.042593050532002824	0.6695303308241808	0.018518437682335753
118	0.28115088984999	0.045147907434560604	0.6737012027154494	0.007081658026034715
119	0.28409412138011847	0.04206063816218014	0.6738452404577014	0.0025648313875296447
120	0.28373495513390706	0.05018505381910304	0.6660799910469899	0.00975831280128271
121	0.28489611388389385	0.046895735230375386	0.6682081508857307	0.0008614039727209449
122	0.28493181790015604	0.049833082242070566	0.6652350998577733	0.0028810704957963076
123	0.28807578726286903	0.049161137217489444	0.6627630755196415	0.0033295191296085673
124	0.29113867801986576	0.03952475804935925	0.669336563930775	0.0038412500507327297
125	0.2900549139361286	0.04292327826505444	0.6670218077988168	0.0052808701040007
126	0.29711116267672116	0.04465728727442399	0.6582315500488548	0.005925253756419871
127	0.2988087530638445	0.05004891137323227	0.6511423355629231	0.0013821638941156665
128	0.29841276360878316	0.04606995248535721	0.6555172839058596	0.006967958337631361
129	0.29443139407686136	0.04362346041320801	0.6619451455099306	0.004374536401696331
130	0.30263166891574955	0.0421589049949369	0.6552094260893135	0.008731390971579846
131	0.29849923107862786	0.051738626494995665	0.6497621424263763	0.0029958551656809277
132	0.30160968159192175	0.049721773831553934	0.6486685445765245	0.005696564033417642
133	0.30457913180770163	0.052452339544671045	0.6429685286476273	0.006499297202805744
134	0.3022619718120859	0.050712253573100066	0.647025774614814	0.0015035769387924064
135	0.30850388819449825	0.04967529681100664	0.6418208149944952	0.005289846965194431
136	0.30631321684069485	0.045085252338562753	0.6486015308207425	0.003557372781703363
137	0.3080333847544663	0.04972878135460176	0.6422378338909319	0.003709868144788982
138	0.3118366022134586	0.05073944276235631	0.6374239550241851	0.010821934285111688
139	0.3129383366310613	0.05003701793171604	0.6370246454372227	0.0027637469678433125
140	0.3141962180022502	0.051268235798768665	0.6345355461989811	0.00598290228564596
141	0.31900451714722367	0.04489985424706856	0.6360956286057078	0.007431671514310031
142	0.317145167307471	0.04882879689609286	0.6340260357964361	0.003639140553235786
143	0.3200649650089582	0.052956394483976876	0.626978640507065	0.0038736198153707163
144	0.3213340751518195	0.045749369387985156	0.6329165554601953	0.0009058664378076215
145	0.3266041951736405	0.04625871768443125	0.6271370871419283	0.00855600944820359
146	0.32707424905124677	0.04711795832816923	0.6258077926205841	0.012673462341643767
147	0.3294079178179938	0.048955596589110285	0.6216364855928959	0.008623461110240663
148	0.32836200288599054	0.04431299239257073	0.6273250047214387	0.008421431674416632
149	0.32859407115151285	0.05344329391493719	0.61796263493355	0.0032437448300983007
150	0.32917591644248995	0.05287266801533122	0.6179514155421788	0.0002770767872873871
151	0.329001963295553	0.05507696544451374	0.6159210712599333	0.002269132843104145
152	0.3361162764636303	0.051080054766405966	0.6128036687699638	0.006585206022997711
153	0.335635097183431	0.06156993641610137	0.6027949664004676	0.007049079217122753
154	0.3358902767727749	0.057877751298831714	0.6062319719283934	0.005480945477648445
155	0.33535092995380233	0.05867352478024548	0.6059755452659522	0.0005985327930577635
156	0.3398423031328458	0.050872643679490466	0.6092850531876637	0.0008797932257016741
157	0.338033830192545	0.05392354974411219	0.6080426200633428	0.005288466145578022
158	0.34538021586063516	0.05089823725117235	0.6037215468881926	0.004982910445509094
159	0.3420532307610087	0.06609980287599657	0.5918469663629947	0.0008943712894553528
160	0.34360052673900615	0.06185150460315897	0.5945479686578349	0.0025142486802498297
161	0.3481574975642133	0.051886812418564104	0.5999556900172226	0.008176991155032674
162	0.35140531436929323	0.05939277094520315	0.5892019146855036	0.007808104510962204
163	0.3579774677378733	0.04965348368600437	0.5923690485761223	0.020455707729450975
164	0.35902778994030254	0.05385910119486098	0.5871131088648364	0.010900859001848636
165	0.35283552050402234	0.052217483948406494	0.5949469955475711	0.0001519221473915991
166	0.3597107224941836	0.05288838311752081	0.5874008943882957	0.019459038758265743
167	0.3573887061125673	0.062081023666455286	0.5805302702209775	0.0025882830159833906
168	0.36071810064081994	0.05402970573102335	0.5852521936281566	0.00930054522607778
169	0.3642861667961498	0.05098789849424703	0.5847259347096031	0.013381976689339655
170	0.36329342228384615	0.058682566822457025	0.5780240108936968	0.0023376159597370393
171	0.36854827018460434	0.054828743000112964	0.5766229868152827	0.012430011307761061
172	0.3659021862889956	0.06533759876990916	0.5687602149410952	0.00037299633057672084
173	0.37255539076959865	0.059063873206230695	0.5683807360241706	0.0025309445407024926
174	0.37419892668949073	0.06559347444095136	0.5602075988695578	0.008629739952759594
175	0.375836348610843	0.06061232602570158	0.5635513253634554	0.00669025503940633
176	0.38228589574842836	0.051261977214834886	0.5664521270367368	0.011782539927858403
177	0.379490414554765	0.060822318320491106	0.5596872671247438	0.009822662554484572
178	0.38003435570591154	0.058114708170986726	0.5618509361231017	0.00203255275149376
179	0.3843134931464144	0.06490760643545106	0.5507789004181346	0.007134817849089145
180	0.38577955266614006	0.06646618970558156	0.5477542576282783	0.001564966157868645
181	0.38082487655455843	0.07033723635020078	0.5488378870952407	0.0013789903312218805
182	0.38936912919904376	0.06640043734261397	0.5442304334583422	0.0072380093964640735
183	0.3950385805581551	0.06597977086257525	0.5389816485792697	0.012670139118773007
184	0.3935976915510238	0.07020036409981877	0.5362019443491574	0.0020409252203824457
185	0.3970182420801715	0.06046315695321885	0.5425186009666096	0.014973140491653353
186	0.40139868392060035	0.057246981721376496	0.541354334358023	0.007791950029157134
187	0.4003330783232298	0.06569537467108517	0.5339715470056849	0.007859350827739975
188	0.40166573583485865	0.06756956473809178	0.5307646994270496	0.007687708886961658
189	0.4159761028399446	0.05889688232429015	0.5251270148357653	0.016597220635354515
190	0.41226457835313	0.06111268408777145	0.5266227375590985	0.0060034785281362635
191	0.40857545729606737	0.07111202181187841	0.5203125208920542	0.0009234455640938128
192	0.41328796021733655	0.06831919701963768	0.5183928427630258	0.0013826377995045309
193	0.41925137687247915	0.05827718963940573	0.5224714334881151	0.005582573404984075
194	0.4246156222390228	0.0670921274341044	0.5082922503268726	0.005132631695813553
195	0.43078290935950636	0.05765848332733954	0.5115586073131541	0.00392974528857382
196	0.4331679966574366	0.05949169254506309	0.5073403107975003	0.015250162121266233
197	0.4369243856149013	0.06680858919190974	0.4962670251931889	8.328364443226583e-07
198	0.4470742335882423	0.06444056630231924	0.4884852001094384	0.0074851207063971565
199	0.44212550907774023	0.06988283561848464	0.48799165530377514	0.002310792002572381
200	0.4489235254772329	0.06620318942860307	0.484873285094164	0.009148504696958786
201	0.4559930458857882	0.06294458257671956	0.48106237153749226	0.01095901793281028
202	0.4526999301537456	0.0680881907644112	0.4792118790818433	0.002910216999430685
203	0.4630456431163621	0.05897733219149436	0.4779770246921436	0.013329358103108473
204	0.46656895933673237	0.057759674902129646	0.47567136576113794	0.004101238234976064
205	0.4779988857079956	0.05426481364524258	0.46773630064676186	0.012638986796839361
206	0.4826491347209179	0.059225128653142244	0.4581257366259398	0.012855381659011855
207	0.48846765611785	0.05915266346412355	0.45237968041802656	0.008053407153474641
208	0.4936471882271778	0.05699508829539043	0.4493577234774318	0.013846799526095752
209	0.4988508743722901	0.05830818495748938	0.4428409406702206	0.006221432932237358
210	0.503321207851627	0.05777024216870913	0.4389085499796638	0.008044301951896511
211	0.512860139690127	0.055783366622380204	0.4313564936874928	0.013210887823364322
212	0.5220851315765028	0.048373876282637965	0.42954099214085917	0.018579564375256298
213	0.5254692367470118	0.052850794636450295	0.42167996861653795	0.004072691454602061
214	0.5310508561817894	0.061125517297338304	0.40782362652087234	0.003909946623674136
215	0.5353562973112368	0.059561162173388964	0.4050825405153742	0.002472521808909413
216	0.5471990414085067	0.05984724561489883	0.3929537129765945	0.008661486246754394
217	0.5510875310889994	0.06567229005032132	0.38324017886067924	0.005615228125873334
218	0.5661009324787311	0.056619552654243364	0.3772795148670255	0.0072358551570685485
219	0.5731108646855729	0.0555583700229593	0.37133076529146786	0.0044280420993376745
220	0.5824750935834052	0.0621241075691725	0.3554007988474224	0.005836702123074201
221	0.5874633125463165	0.05790870596585826	0.35462798148782526	0.004634297186690931
222	0.5999503329499253	0.058241701931432785	0.34180796511864187	0.00016113099457849717
223	0.6149272462927694	0.057957249464022705	0.32711550424320796	0.003871403183287871
224	0.6232518960348357	0.052779504521187535	0.3239685994439767	0.003230664401455963
225	0.6295678878307461	0.04840729315555637	0.3220248190136975	0.0007071356441916348
226	0.6509850026928984	0.04577912264286696	0.30323587466423463	0.01560956035731723
227	0.6586399541621449	0.05260736266598335	0.28875268317187175	0.0025713103555071275
228	0.6661049800980101	0.04629606848415788	0.287598951417832	0.0027255755747843586
229	0.6821311554963404	0.04933271185804035	0.26853613264561915	0.0009687347479768875
230	0.6921553264202449	0.039671741801063184	0.2681729317786919	0.01060249521902813
231	0.7009445727321477	0.04308722891519826	0.255968198352654	0.005774293295153612
232	0.7092844001911318	0.04484467563956652	0.24587092416930173	0.003940544259821245
233	0.7268485649128871	0.03710630028582213	0.23604513480129086	0.004531716144708533
234	0.7281272854926045	0.041316974793378695	0.23055573971401674	0.006493241187964639
235	0.7464263313944267	0.03303553717311181	0.22053813143246156	0.0034510231408777497
236	0.7503858633613254	0.03890880186658417	0.21070533477209044	0.0057771943929328246
237	0.7649877356816593	0.03428075600773553	0.20073150831060527	0.0007039060803380536
238	0.7756129087270478	0.034002417878724545	0.19038467339422763	0.0013968064845263338
239	0.7782691597411022	0.037608673247281836	0.18412216701161582	0.0006104132827082836
240	0.7969832244366569	0.019457146139918835	0.18355962942342427	0.01129164298405043
241	0.8070186969777103	0.02482675681846109	0.16815454620382864	0.011841129944124354
242	0.8139328471376799	0.022170064328872276	0.16389708853344787	0.007781341430863386
243	0.8128227047395287	0.03568636418927316	0.15149093107119813	0.006006440221040962
244	0.8173764180982174	0.030185994870259202	0.15243758703152335	0.009999870992528928
245	0.8316771677778668	0.01953101339792166	0.14879181882421152	0.0038617832772060655
246	0.843487198663695	0.021903841075865037	0.1346089602604399	0.010569143728357702
247	0.8484469043685761	0.01887148658613592	0.13268160904528797	0.00874802498400747
248	0.8509841367297242	0.02540258808753947	0.1236132751827363	0.004903499791657056
249	0.8577679800133637	0.023012980083113622	0.1192190399035227	0.0027785019675584458
250	0.861146375149163	0.023496844510331082	0.11535678034050587	0.002742338566929347
251	0.8643745884863046	0.02277310267377207	0.11285230883992348	0.004746381806396774
252	0.874124117185047	0.018032045878670418	0.10784383693628252	0.0025193244133097617
253	0.8721452002177369	0.019172589138738788	0.1086822106435242	0.01031654124262986
254	0.8877999170619076	0.014025147348563574	0.09817493558952882	0.005901991257156499
255	0.8877009907860045	0.012631889917440844	0.09966711929655471	0.003924033744731357
256	0.8901884722032759	0.018316479406675596	0.09149504839004866	0.003998211807321347
257	0.8963665573184341	0.02249639803220087	0.08113704464936501	0.0046986373990372185
258	0.8989252290587378	0.0018511167056484252	0.0992236542356138	0.002595661680712456
259	0.9041661751256418	0.01140466636933849	0.08442915850501975	0.005041001519143443
260	0.9050435398517838	0.013536142119913913	0.08142031802830221	0.0024649170814968753
261	0.9082054204320761	0.012157183217509578	0.07963739635041422	0.006859199209919548
262	0.9152070269447831	0.013596581008923764	0.0711963920462933	0.000382950313563223
263	0.9185704168173815	0.01613144573237394	0.06529813745024456	0.0038417724782508866
264	0.9210094879229647	0.016703913720422927	0.06228659835661236	0.002553360414667316
265	0.9216371813707488	0.010624704054681387	0.06773811457456982	3.761799240460765e-05
266	0.9271133858915568	0.001187868647499186	0.07169874546094404	0.0061985994435718355
267	0.9298266185364985	0.009595278958683178	0.06057810250481826	0.0055843018517685115
268	0.9302510004339161	0.012081532247806488	0.05766746731827743	0.007425592087980827
269	0.9316218011608078	0.00940059412070557	0.058977604718486586	0.0015284335549489315
270	0.9377632982019918	0.011042571861388363	0.051194129936619925	0.0009067727494711587
271	0.9364849899847866	0.016230360948255824	0.0472846490669575	0.006278455002356017
272	0.9386482893993703	0.007799981724277126	0.053551728876352594	0.0018660587491965339
273	0.9440839148527087	0.0014517995747450137	0.05446428557254626	0.004545000122873641
274	0.9443397512883619	0.011401343116798966	0.044258905594839144	0.0019352552640689875
275	0.9456416081654659	0.008604572898119093	0.0457538189364149	0.0008778004902608455
276	0.9495872465877554	0.01427092821300916	0.0361418251992354	0.004362756729360158
277	0.9501954893615513	0.010786405280390305	0.03901810535805837	0.0037265858264621424
278	0.9536168539396643	0.006508403265053202	0.03987474279528255	0.00035280295722460843
279	0.9552742438657517	0.010975383885712607	0.033750372248535825	0.005360362674667285
280	0.9511063658147444	0.010797921885433721	0.03809571229982173	0.00037328948443999144
281	0.9600926864171206	0.008083704065600883	0.031823609517278584	0.005972191107117032
282	0.9548400764664908	0.010972627951023495	0.03418729558248572	0.006409486562141588
283	0.96409165213254	0.014708129256570885	0.021200218610889065	0.007997715464976192
284	0.9599044198851345	0.009948470667122145	0.030147109447743445	0.00409830449092037
285	0.9661326995213785	0.009866620523983826	0.02400067995463758	0.0004523906462859169
286	0.958053814378001	0.012807866365025376	0.029138319256973615	0.005246556482518441
287	0.9633853957916038	0.00852371780355166	0.02809088640484447	0.0032033671952740013
288	0.9584839447102347	0.011824388687656933	0.029691666602108317	0.00963491520433616
289	0.968057608347656	0.0036901916584416534	0.02825219999390243	0.003012530827261901
290	0.9706416516224522	0.0017934763574766433	0.02756487202007109	0.0013886928371112648
291	0.9705758017991344	0.012274990302819533	0.017149207898046012	0.006783089976174094
292	0.9735079878236902	0.0	0.026492012176309757	0.0005213190346808086
293	0.9715375403451842	0.007912934550821872	0.020549525103994017	0.00507053799105951
294	0.9772409324235847	0.008100623789650497	0.014658443786764883	0.0019613252945269335
295	0.9715787289371042	0.004857641914644954	0.023563629148250907	0.006697210832390279
296	0.9761331173463976	0.008595335312924885	0.01527154734067744	0.003469137804092896
297	0.9786512306007848	0.0006137355070368879	0.02073503389217828	0.0018907751067399653
298	0.9881914322836103	0.0	0.011808567716389709	0.007950084110526603
299	0.9868289875982215	0.0	0.013171012401778447	0.0007343325668448047
300	0.9903845001632197	0.0009549013456768582	0.008660598491103507	0.008396583816093827
301	0.9869078350706948	0.0	0.013092164929305306	0.005201897117663228
302	0.9845258378673072	0.0014705330402981864	0.014003629092394611	0.0019246472551205064
303	0.9886145381270169	0.0	0.011385461872983045	0.005154172825632322
304	0.9852527877665136	0.0033098600274489927	0.011437352206037404	0.0011497590113009367
305	0.9872381167314166	0.003943219079807701	0.008818664188775763	0.003546909986873085
306	0.9913010968804493	0.0	0.008698903119550794	0.0016144719220810729
307	0.9948116717096482	0.0012419499945274123	0.00394637829582436	0.0071982704218916255
308	0.9892654602586233	0.0	0.010734539741376605	0.004685230361703856
309	0.9897239849384576	0.004842249115828494	0.005433765945713864	0.00564433868994703
310	0.9969883293143791	0.0	0.00301167068562083	0.0004462761172207118
311	0.9896557081132399	0.005964338461542125	0.0043799534252180325	0.00924166564457193
312	0.9951335308795097	0.004072252271506646	0.0007942168489834601	0.0051796167644178725
313	0.9953823600479583	0.004617639952041802	0.0	0.0023889715208553664
314	0.9941625113172503	0.0	0.005837488682749764	0.00013767350069593092
315	0.9976152293384016	0.0010270312945909858	0.001357739367007465	0.0037497099101728238
316	1.0	0.0	0.0	0.001712664736649237
317	1.0	0.0	0.0	0.002760992715859744
318	1.0	0.0	0.0	0.003491696702228297
