	0	1	2	LOF
0	0.0161339743362039	0.10021276513181947	0.8836532605319766	0.004292276350702933
1	0.017209663480434866	0.10187034272593745	0.8809199937936277	0.009761579855734125
2	0.020553356983307042	0.1076124212147083	0.8718342218019847	0.013486950230756333
3	0.017107864114412084	0.10644393028585293	0.8764482055997349	0.011898222667701864
4	0.021177661115509908	0.1088707756824023	0.8699515632020878	0.014748080288503622
5	0.01597715982674541	0.10740594021616956	0.876616899957085	0.015839255376124
6	0.017669440753032853	0.1301572416968278	0.8521733175501394	0.015103011445386985
7	0.009704634350923239	0.27487973826786793	0.7154156273812089	0.0065003326634980214
8	0.09738130610083924	0.8281762947349331	0.07444239916422746	0.00707251392118503
9	0.21887264127499548	0.7811273587250045	0.0	0.0003923397922342588
10	0.22145767196866845	0.7785423280313315	0.0	0.0087253713701203
11	0.21628802623823742	0.7837119737617625	0.0	0.010524719389887895
12	0.22514645753029797	0.7748535424697022	0.0	0.003907166088809351
13	0.22458410508450383	0.7754158949154962	0.0	0.0037436086147772368
14	0.22023829880651757	0.7768583044477085	0.0029033967457737925	0.009122978014386416
15	0.21932559710967542	0.7806744028903246	0.0	0.008932831679496938
16	0.2217024988884575	0.7782975011115425	0.0	0.013982378837100256
17	0.22628598082919127	0.7737140191708087	0.0	0.007269257747624412
18	0.223518112498191	0.776481887501809	0.0	0.009888858645400525
19	0.22788741029134552	0.7721125897086544	0.0	0.010013899805821931
20	0.22738159052032045	0.7726184094796795	0.0	0.01145115394567357
21	0.2318915529615801	0.7681084470384199	0.0	0.005015369992356262
22	0.22712952822639468	0.7728704717736053	0.0	0.0097566872689672
23	0.23332996861135435	0.7666700313886456	0.0	0.0012662420642100501
24	0.23188653427934053	0.7681134657206594	0.0	0.004446698352368486
25	0.23422385354790465	0.7657761464520954	0.0	0.007494556199273495
26	0.23425577614567075	0.7657442238543292	0.0	3.534311321383115e-05
27	0.23560738365533024	0.7643926163446697	0.0	0.002652987677686155
28	0.23752882860930333	0.7624711713906966	0.0	0.002073134616531125
29	0.23772956407212179	0.7622704359278782	0.0	0.001981241547386005
30	0.23529175145653364	0.7647082485434664	0.0	0.003545059343509056
31	0.23960977086771493	0.760390229132285	0.0	0.014155557088140725
32	0.24039352240330294	0.7596064775966972	0.0	0.0014496459442368405
33	0.24311399259076932	0.7568860074092307	0.0	0.006567653276917009
34	0.23845921503642853	0.7572462992824534	0.004294485681118014	0.014184989348285703
35	0.24272295165045327	0.7572770483495468	0.0	0.00796354312634701
36	0.24415466128954239	0.7531860878890259	0.002659250821431644	0.0028412963925171925
37	0.24562243660495967	0.7543775633950404	0.0	0.006341880021532545
38	0.2443713985943496	0.7524924062997683	0.0031361951058820415	0.003846063767911353
39	0.2492448889767371	0.7507551110232629	0.0	0.0029990167626892856
40	0.25107087440193243	0.7489291255980677	0.0	0.0001018114771595142
41	0.24957619516915647	0.7451951450009837	0.005228659829859977	0.0031266876922087655
42	0.2487801912213606	0.7512198087786394	0.0	0.004822825103685109
43	0.25552492490411827	0.7430654209182795	0.0014096541776020721	0.00591963261380229
44	0.2521992378264733	0.7409860170800336	0.006814745093493065	0.006429216010054642
45	0.2524098720176895	0.73801660029869	0.00957352768362058	0.006109772241077744
46	0.25179667361919733	0.742686416520169	0.005516909860633787	0.016307850722181442
47	0.25291732704310527	0.7399501532630061	0.007132519693888576	0.004500455850621804
48	0.257153992148176	0.7374719733092161	0.005374034542607818	0.002902795583948478
49	0.25654442149264806	0.7366886615730395	0.006766916934312424	0.005820426585276139
50	0.2592772965649119	0.7407227034350882	0.0	0.003343375666084515
51	0.2616052089441131	0.7349879852783743	0.0034068057775124704	0.005645242990119996
52	0.26031575281402053	0.7287527927404861	0.010931454445493264	0.005891916058436005
53	0.26006992722594097	0.7318287596171862	0.00810131315687287	0.00034429408161399956
54	0.2614852240736492	0.7328011989998634	0.005713576926487452	0.006003597341897002
55	0.2635762708056218	0.7189791805503276	0.017444548644050477	0.0035066806611120443
56	0.2681118357025525	0.7229125304607623	0.008975633836685188	0.0010789483852842283
57	0.26837320028079875	0.7210527794266113	0.010574020292590003	0.0031798093084131687
58	0.26605795776689034	0.7232343264965964	0.01070771573651326	0.011699395906243214
59	0.27448243663794036	0.7246637830017412	0.000853780360318557	0.008118383993761089
60	0.2730495378306819	0.718460008436128	0.008490453733190004	0.0012651572818835743
61	0.27606546628185114	0.723934533718149	0.0	0.0054699298919772205
62	0.27004898136516164	0.7181048557938025	0.011846162841036022	0.005452010567897922
63	0.274488577731067	0.7255114222689331	0.0	0.0013963009146101405
64	0.27753760404050587	0.7150106200220351	0.007451775937459043	0.003683811243107472
65	0.2800459871841675	0.7122861096930462	0.007667903122786397	0.00025218256709803844
66	0.27841884926242677	0.7079976137226874	0.013583537014885773	0.0035325867810770527
67	0.27483752245383986	0.7115816492313246	0.013580828314835447	0.0038134419016274523
68	0.2819407766851109	0.7054989981997748	0.01256022511511413	0.00316933232681992
69	0.2790566381153734	0.7101844804714483	0.01075888141317818	0.005454040436070202
70	0.28116190086981285	0.7020501896808126	0.01678790944937451	0.004148509477767953
71	0.28258844525709687	0.7123922242470732	0.005019330495829891	0.0016795203221340968
72	0.2817407701094424	0.6937326513153835	0.02452657857517408	0.009342442616245228
73	0.2849856859736302	0.6995354762577548	0.015478837768614894	0.005462999030196122
74	0.28827144968917356	0.6963462551653834	0.015382295145442978	0.001402017550878236
75	0.2902167425572772	0.6883988209851308	0.021384436457592058	0.0012317553543629567
76	0.2888928933020168	0.6950052250873027	0.016101881610680522	0.0027520989274590377
77	0.28776926541630526	0.6937478056298425	0.018482928953852323	0.0026212619342220814
78	0.2860950995047409	0.6890980935385684	0.024806806956690606	0.006086898288125637
79	0.28998071174115575	0.6912212805988074	0.0187980076600368	0.0028950471910909412
80	0.28649605458804883	0.6872420646449005	0.026261880767050667	0.011860498247143256
81	0.2921309142382936	0.6830629135032908	0.02480617225841548	0.002402062086927169
82	0.2947650710872498	0.6831686271619953	0.022066301750754823	0.005806834399455163
83	0.294019863154565	0.6924504013381443	0.013529735507290601	0.002921202859689917
84	0.29222755220342644	0.6871836983753175	0.020588749421256068	0.023870671866095886
85	0.29553346664124336	0.6749670967968382	0.029499436561918373	0.0014569654501137333
86	0.2973761325189995	0.6833016533504841	0.019322214130516505	0.007539893906183769
87	0.30182191019876525	0.669648909005489	0.028529180795745613	0.004590079200785871
88	0.299910087763815	0.6766126449100223	0.023477267326162784	0.007522399803492193
89	0.2962360546267564	0.6816912087208075	0.022072736652436142	0.001352892775680663
90	0.30308227784051445	0.6735220806351448	0.023395641524340628	0.001307467325170265
91	0.3001625687494267	0.6731744764623822	0.026662954788191168	0.008290574960111319
92	0.3044416784498655	0.6749763478647663	0.0205819736853681	0.003898020276957931
93	0.30368465852132515	0.663456824150191	0.03285851732848364	0.004986620255383244
94	0.3037849121196833	0.6679751205507894	0.028239967329527264	0.002272657821092869
95	0.31227928425277507	0.6628419270494335	0.02487878869779148	0.003414289956657858
96	0.3102689328767184	0.6678477741663448	0.02188329295693689	0.003064805751186595
97	0.3146184495125952	0.6621861776266115	0.023195372860793227	0.00762542023330174
98	0.31612725534088604	0.6612257631962807	0.02264698146283325	0.002874957976791897
99	0.3112987438666066	0.666131015978882	0.022570240154511468	0.004335215232042789
100	0.31858559445559015	0.664590977088735	0.016823428455674763	0.006158007974093437
101	0.31896499139496054	0.6665651250077429	0.01446988359729659	0.0007826103833785928
102	0.32124435109133254	0.6611179920911211	0.017637656817546365	0.0014384728480308035
103	0.3187151496076352	0.6520968451658417	0.029188005226523154	0.004701219736533537
104	0.32036234204378744	0.6520282833327051	0.027609374623507512	0.0020488200347414946
105	0.3207224252195893	0.6617332070214368	0.01754436775897391	0.003867031990804219
106	0.31639711255539527	0.6490946884605364	0.03450819898406833	0.004307894167742341
107	0.32533663148776537	0.6500229510568587	0.02464041745537601	0.0009246235604485097
108	0.3216019160181114	0.6428750769233988	0.03552300705848973	0.0009864774345374778
109	0.32865441041270355	0.647087502370855	0.024258087216441515	0.001710097181431644
110	0.32912669331621347	0.646304937181486	0.02456836950230063	0.0016000468772242556
111	0.32788637181608443	0.6500674638842592	0.02204616429965654	0.0007091024066950112
112	0.32942865161703183	0.6538087930109493	0.016762555372018817	0.008246817357906548
113	0.32735183195909356	0.6468446615218385	0.025803506519067956	0.0007717542329240098
114	0.32926887182336895	0.6438680870872736	0.026863041089357442	0.0042680590455199076
115	0.33224425588386536	0.641898377567938	0.02585736654819672	0.0007553391424861746
116	0.33080678451929824	0.6398889907576345	0.02930422472306724	0.002147129639788309
117	0.341483215935876	0.6324582483481759	0.026058535715948225	0.016577555136873975
118	0.3352269389584203	0.6361075022462593	0.028665558795320345	0.005192474826449137
119	0.33800289568252784	0.6366604025376789	0.025336701779793407	0.0006354361516128067
120	0.336935233573412	0.6302994437475038	0.03276532267908413	0.0079324679128759
121	0.33825054724769743	0.6311777807873911	0.030571671964911503	0.0027009149115700504
122	0.3378804941165755	0.6297271827770928	0.03239232310633161	0.001069221382592961
123	0.3406542778877588	0.627816563654973	0.0315291584572683	0.0015104585759212648
124	0.3445546432597495	0.6321504964827693	0.023294860257481176	0.0018760229107087445
125	0.34308613646128594	0.6300124227039873	0.026901440834726762	0.0071595363115395305
126	0.34893336281641507	0.6231617682611973	0.027904868922387607	0.004081671969098394
127	0.3498768799333939	0.6164976196464333	0.03362550042017265	0.0003590239383654118
128	0.3499583533810218	0.6206067086862537	0.029434937932724423	0.005149376587868486
129	0.3466345335616503	0.626227480793378	0.027137985644971822	0.00622196087241078
130	0.35405264051729657	0.6197414259751204	0.026205933507583084	0.0068735311588402435
131	0.3492780500268485	0.6163395340198399	0.03438241595331154	0.004717361826401539
132	0.3520869571690248	0.6161285430742556	0.03178449975671969	0.007450382139824863
133	0.35456340247899804	0.6106448535567114	0.0347917439642905	0.004782256060500352
134	0.35254478632638875	0.6145233271295606	0.03293188654405051	0.00022621717014612106
135	0.35819682840370864	0.6096991420560043	0.03210402954028715	0.003545409039990082
136	0.3567073321622269	0.6158730107910011	0.027419657046771958	0.0017355488377380633
137	0.3576430522990837	0.6103249109418852	0.03203203675903099	0.005439060965299128
138	0.3609039525330798	0.605124422295177	0.03397162517174332	0.009139035490764209
139	0.3618600606683474	0.6055226298822175	0.03261730944943512	0.001060614435234382
140	0.36284965073491987	0.603919565217118	0.033230784047962134	0.004280243137470595
141	0.3677865698488265	0.604896903503556	0.027316526647617505	0.0056313225327196395
142	0.3655996029992515	0.6036209476866896	0.03077944931405887	0.001909664608931308
143	0.3677363907419925	0.5972427401115953	0.03502086914641233	0.0022205188727178124
144	0.36954726239172875	0.602331828561011	0.028120909047260303	0.0008523129116187483
145	0.374259918008909	0.5968635155774398	0.028876566413651203	0.0067996769424225455
146	0.3744540470499736	0.5957402808679135	0.029805672082112798	0.010952169937932332
147	0.3761719269791973	0.592914719613756	0.030913353407046755	0.006931528613628515
148	0.3759214147325324	0.5962477245685359	0.027830860698931602	0.006673686810101306
149	0.37500152938551307	0.5891815654881365	0.03581690512635032	0.0016398191618801007
150	0.375500736957097	0.5888318203296485	0.03566744271325451	0.0013128257134027168
151	0.37499170337154425	0.5877193292326967	0.03728896739575907	0.0007155886156462961
152	0.38174749849708434	0.5843302304641248	0.03392227103879079	0.004976465889247394
153	0.37996468791842014	0.576437559796174	0.04359775228540591	0.0056304008068986345
154	0.38058577867404303	0.5796635649976217	0.0397506563283352	0.003992574353146146
155	0.3799518089568728	0.5802499657631092	0.039798225280017946	0.0008898730448851606
156	0.38479347291091914	0.5815700069983172	0.03363652009076366	0.0006977946449401272
157	0.3830262960424409	0.5804036220944775	0.03657008186308164	0.0037387545816624916
158	0.3895713189914419	0.5766453784792036	0.03378330252935457	0.0034254815719493683
159	0.3848169053024442	0.5674996288347501	0.047683465862805564	0.0022013656676471653
160	0.3867618715592817	0.5686902893466428	0.044547839094075406	0.0011515504224898427
161	0.3919475263451402	0.5729488879778164	0.03510358567704336	0.006643802041214413
162	0.3936891751675142	0.5650369794228114	0.04127384540967447	0.0064086269148591075
163	0.40064927842671144	0.5675344224425098	0.03181629913077873	0.018879595118496986
164	0.40115379576171034	0.5621632117722426	0.03668299246604702	0.009416198281456012
165	0.39577461155276905	0.5697124518630212	0.03451293658420975	0.001671070831936417
166	0.40178779943261905	0.5623321921105138	0.03588000845686704	0.017972743287118446
167	0.3986138813295955	0.5578011899928791	0.0435849286775254	0.0012345899505882489
168	0.4022892154172556	0.560654589326905	0.0370561952558393	0.007872264969022979
169	0.4056873996527965	0.5611358380935142	0.033176762253689325	0.011884773520293771
170	0.40393684793312035	0.5555709579415127	0.04049219412536704	0.0009700832562803711
171	0.4089719920008125	0.553239991772734	0.037788016226453516	0.011034790259572436
172	0.40536538598894145	0.5472931743673506	0.047341439643707926	0.0008488677511599382
173	0.4118339090363194	0.5460399490972198	0.04212614186646083	0.0012446927203487398
174	0.41264789783591155	0.5400447890891059	0.04730731307498258	0.007406464275739508
175	0.41454155757857636	0.5421891605412046	0.04326928188021904	0.0054218779820537286
176	0.42124488796074794	0.5446230455464885	0.03413206649276344	0.010356959904142135
177	0.4176253043975862	0.53921863643435	0.043156059168063726	0.008564691332846874
178	0.4183396581615522	0.5405617940491273	0.04109854778932057	0.0007557877726022238
179	0.42143991366435096	0.5311317983926249	0.04742828794302412	0.005956164640572127
180	0.42237684503799766	0.5284864191324794	0.04913673582952288	0.0004449658578615159
181	0.4176184067068693	0.5303258719631132	0.052055721330017624	0.00029135462522108136
182	0.42550864121997994	0.5260620505973722	0.04842930818264799	0.00610296722923046
183	0.4302713222363174	0.5221745064284896	0.04755417133519302	0.011553668997510024
184	0.42863639102174506	0.5185794376002869	0.052784171377968016	0.0010183881150492304
185	0.43273028256209445	0.5233941357519375	0.04387558168596796	0.013802520525062778
186	0.4369419074453694	0.5212687780837697	0.04178931447086086	0.006601961232038631
187	0.4347912878718787	0.51651106796851	0.048697644159611315	0.0068100032512652285
188	0.4358073332428987	0.5141570231566963	0.050035643600405036	0.006648761531570334
189	0.4492770841875218	0.5077642200420385	0.042958695770439675	0.015472446864519474
190	0.44567300368827145	0.5104622477443768	0.043864748567351744	0.004887492863680715
191	0.4412759811182774	0.5036757132776193	0.055048305604103155	0.0018172107765824037
192	0.44568840567272294	0.5035340070540352	0.05077758727324187	0.0003998595516762185
193	0.45197938684512345	0.5060449915374873	0.0419756216173894	0.004471162513103785
194	0.4555769953207422	0.49361910179970364	0.05080390287955409	0.004203895802882936
195	0.4620553587888519	0.49550617711724526	0.042438464093902915	0.0028676513592557303
196	0.46381501186896007	0.49227382297327466	0.04391116515776527	0.01422957063991865
197	0.46621210159209286	0.48400992380721686	0.04977797460069035	0.0009200656410611097
198	0.4752704211886468	0.4751976072354813	0.04953197157587189	0.0066154781676691955
199	0.4701864650371243	0.4762135287813332	0.05360000618154249	0.0015099545864691714
200	0.47656901794179946	0.47292533089590616	0.05050565116229448	0.008304811862116767
201	0.4829639927342689	0.46969382083769134	0.04734218642803984	0.010089312543118338
202	0.47955963847346245	0.46780652946095386	0.05263383206558378	0.0036928392739385323
203	0.48963580290928715	0.4659585050695643	0.044405692021148524	0.012421455811758507
204	0.4925990328272131	0.46392659282038917	0.04347437435239775	0.003220060255236513
205	0.5029467252261511	0.4559200110832268	0.04113326369062215	0.01175154068241656
206	0.5064706681597285	0.44776138163897755	0.045767950201293886	0.012052243549123336
207	0.5113451384657693	0.442794965656077	0.045859895878153624	0.007292491632692978
208	0.5160518162371591	0.44008403345867186	0.043864150304169014	0.013067447727408806
209	0.5202629775727975	0.43448824114347345	0.0452487812837292	0.005501708133254382
210	0.5242469742404673	0.4313483038468831	0.044404721912649686	0.007308892206114095
211	0.5327937305544301	0.4225323198845652	0.04467394956100474	0.012526540997097406
212	0.5414951511103429	0.42066521691250947	0.03783963197714775	0.017817765364700127
213	0.5436616443084207	0.4146261833865286	0.04171217230505071	0.0034177824100756677
214	0.5475211609578217	0.4022129299322257	0.0502659091099527	0.0034351311613098987
215	0.5513706587547974	0.3993970025769964	0.0492323386682063	0.0020044121578082167
216	0.5614847213568819	0.38881870182438205	0.04969657681873613	0.00824889205271076
217	0.5639184834578953	0.3802023876450316	0.055879128897073006	0.005861829003124067
218	0.5780039484166386	0.37422350444219965	0.04777254714116162	0.006882434463500998
219	0.5841591992397709	0.36834025468275894	0.04750054607747019	0.004102761175729155
220	0.5914157079078542	0.35494911250144884	0.0536351795906969	0.00565674002003248
221	0.5960260792284772	0.35410434970408183	0.049869571067441096	0.004839196735811144
222	0.6068334517043481	0.34202847808245657	0.0511380702131953	0.0003031289832664989
223	0.619683303867736	0.32849267041392716	0.051824025718336886	0.003813567794103787
224	0.6275126470980574	0.32499102931188906	0.0474963235900536	0.003120951513631964
225	0.6331361886521544	0.32364328113697494	0.04322053021087076	0.0005828313013827352
226	0.6522145265316388	0.3055328069041453	0.042252666564215904	0.015511371810418638
227	0.6577220375787499	0.29288056689911085	0.04939739552213919	0.002675872565367729
228	0.6649382146030125	0.29027579628828204	0.04478598910870537	0.002782090082030282
229	0.6783111541401785	0.2725928728557709	0.049095973004050594	0.0007533551612076952
230	0.6881530436837707	0.27214538491974655	0.03970157139648271	0.010664568535379247
231	0.6951449599660405	0.2611901005502976	0.04366493948366185	0.005970686798743882
232	0.7019087757891375	0.25261535819665754	0.045475866014204974	0.004227480547257288
233	0.7180896933511209	0.24288046744523428	0.039029839203644875	0.0047486189653337466
234	0.7186088619201039	0.23741515415461556	0.04397598392528056	0.006156864752102414
235	0.7354164948331873	0.2275548848772305	0.037028620289582224	0.003720379475128303
236	0.737758261419084	0.21937449531672382	0.04286724326419232	0.0053330044504821565
237	0.750947556811604	0.2096816322195336	0.039370810968862406	0.0002748735438631227
238	0.7602679276909069	0.19953282456263663	0.04019924774645641	0.0009229708224091183
239	0.7619257156201888	0.1945626741441357	0.04351161023567551	4.0813656452892814e-05
240	0.7803056099256279	0.1914327959116488	0.028261594162723256	0.01165086782021878
241	0.788371919344771	0.17764362235382705	0.03398445830140186	0.012337729465175645
242	0.7945524016092138	0.1738180896263022	0.03162950876448388	0.00827084840670931
243	0.7917856066720133	0.1638271935647329	0.0443871997632537	0.005257686073669402
244	0.7962763208285963	0.16456757026998242	0.03915610890142122	0.009321889983202153
245	0.8100095472613147	0.15997860048974788	0.03001185224893745	0.00440840519900108
246	0.8199624841696436	0.14678485596715315	0.033252659863203214	0.011217534000338368
247	0.8246166466962906	0.14415564981315554	0.03122770349055387	0.009383123925341305
248	0.8256897600670199	0.13786818420489586	0.036442055728084226	0.005675782066095421
249	0.8319565840641379	0.13241395351758234	0.035629462418279786	0.0035575555687208382
250	0.8347483376652293	0.12912598449077953	0.03612567784399126	0.0019347078437701812
251	0.837567404677586	0.1257334355289565	0.036699159793457586	0.0038944115013744133
252	0.8465425491056161	0.12090319291800639	0.03255425797637754	0.003328254631304581
253	0.844577777556572	0.12267231085990002	0.032749911583527816	0.009505170228878106
254	0.8589151737208394	0.11201966796449402	0.02906515831466675	0.0066775603447669545
255	0.8588106474369088	0.11374715450717018	0.02744219805592092	0.004690670733949704
256	0.8602749940817715	0.10546169522737686	0.03426331069085155	0.003078127025344717
257	0.8651351155207724	0.09695387313556891	0.03791101134365871	0.0056963636182545425
258	0.8696101811718288	0.11248047952148897	0.01790933930668224	0.0032514673833514336
259	0.8731426774386645	0.0988061928783079	0.028051129683027705	0.005894055533297962
260	0.8735233603440979	0.09653834022156285	0.029938299434339198	0.0015593993373375587
261	0.8763771350441489	0.09428534186172564	0.029337523094125312	0.0059406779565601515
262	0.8821678362984652	0.08773411669179333	0.03009804700974139	0.000572933834687399
263	0.8849663534206369	0.08121953968868871	0.03381410689067439	0.0048667625899037606
264	0.8869888840589746	0.07819337149268171	0.03481774444834366	0.00361219429398625
265	0.8880504064173923	0.08355234070650275	0.028397252876104926	0.0009987114455752874
266	0.8939804270413627	0.08620914803590432	0.019810424922733074	0.007010689282901083
267	0.8953388971345017	0.07595354069095728	0.028707562174541085	0.006578885419581707
268	0.8952543629337874	0.07419871093010726	0.030546926136105407	0.0063816039587702555
269	0.8968723295716728	0.07452837673814855	0.028599293690178607	0.0025325987990026414
270	0.9019175780887722	0.06790343007674852	0.030178991834479318	0.0001529301021208528
271	0.9001844150076163	0.06388424340161639	0.03593134159076736	0.005103174902581189
272	0.9029930142856776	0.07032900682433604	0.026677978889986378	0.002868084199227496
273	0.9084174321648938	0.07000470481780588	0.021577863017300393	0.0054840728370367815
274	0.9075610554190396	0.06070877474838248	0.03173016983257788	0.0030577365466539553
275	0.9090459050552976	0.06203856918539605	0.02891552575930633	0.0019458966098953596
276	0.9118053616646036	0.053624940625462025	0.03456969770993439	0.005546755562781023
277	0.9125781446764275	0.05655888374918711	0.030862971574385455	0.004861331750484347
278	0.9159326783737501	0.05753963596087732	0.026527685665372547	0.0014283054810104402
279	0.9170486013381641	0.0511598584673047	0.03179154019453111	0.006522085515518584
280	0.9132522048745424	0.05496552688953817	0.031782268235919404	0.0008085980496353096
281	0.9213877647601737	0.04951875030310148	0.02909348493672487	0.007121137760154529
282	0.9164044318723703	0.05207406399782736	0.031521504129802425	0.005220636850332461
283	0.9241839133164782	0.039945186105129316	0.03587090057839246	0.009271976069229085
284	0.9210796302795192	0.04751499161166897	0.03140537810881178	0.0029104158229028413
285	0.9264221230533431	0.04124437838911358	0.032333498557543326	0.0007902676545154671
286	0.9188382467515626	0.047488543012694014	0.033673210235743406	0.00398630264966306
287	0.9241354169007138	0.045720759153875405	0.0301438239454108	0.0020112242551649207
288	0.9195190591316021	0.04716035008285066	0.03332059078554724	0.008398632827439509
289	0.9287764752553345	0.0447727178080958	0.02645080693656967	0.0018676363416873915
290	0.9311770673251384	0.04484889886459095	0.023974033810270693	0.00028364518457771445
291	0.9298553849503238	0.03575848902731519	0.034386126022360894	0.005477005747299591
292	0.9339495513398887	0.043251733230469665	0.022798715429641684	0.0005657126111595278
293	0.931041418635111	0.039358240759450436	0.02960034060543859	0.003836454934920065
294	0.9361779882081416	0.032531455919017606	0.03129055587284071	0.0006914801472582243
295	0.9316089607520766	0.04098026333291221	0.027410775915011225	0.005517095843937843
296	0.9352039039523504	0.03358626519689923	0.031209830850750405	0.004721262254126237
297	0.9382490207763804	0.03825841485693077	0.02349256436668892	0.0007653494876434234
298	0.9469078382446983	0.0315808608297541	0.021511300925547643	0.008999239732615844
299	0.9454115576162323	0.030902261236803993	0.023686181146963744	0.00042457226731374423
300	0.9483569287930731	0.027343855450725894	0.02429921575620105	0.009574605099520324
301	0.945554353121094	0.03228951178879201	0.0221561350901139	0.006301784200539822
302	0.9431798064789221	0.03163732591495565	0.02518286760612223	0.0007338859419223763
303	0.9472383348253482	0.030407948745446115	0.022353716429205653	0.006236291962750417
304	0.9436414556758574	0.02970360988259794	0.026654934441544546	0.0023588771680350218
305	0.945152460388303	0.02728794623045523	0.02755959338124183	0.0022937487672129806
306	0.9494056182748271	0.028948482269479724	0.021645899455693306	0.0027025104535300295
307	0.9521239949358199	0.022228094171674186	0.025647910892505937	0.008431360331111479
308	0.9475133206073546	0.02845177206864137	0.024034907324004085	0.005862586978005103
309	0.9470268117945279	0.024473251218483715	0.028499936986988404	0.004342824944537537
310	0.9542283895777224	0.02266221176541551	0.023109398656862158	0.000716922892347731
311	0.9468119301185719	0.02359273083730583	0.029595339044122388	0.007916636534572394
312	0.9520532426539063	0.01873893213984568	0.029207825206248095	0.0038664515878789264
313	0.9520699785760807	0.01808469388503613	0.029845327538883294	0.001043305392020542
314	0.9519367227874347	0.02704430187198624	0.0210189753405792	0.0009300901285421365
315	0.9544605496315718	0.01963891841236943	0.025900531956058695	0.002482805667257663
316	0.957700012470597	0.015734976060730047	0.026565011468672944	0.002875239268258102
317	0.9614502525624211	0.016792106885787396	0.0217576405517913	0.0032532117815657416
318	0.9605143610731298	0.013499495077298562	0.025986143849571788	0.004248259960835365
319	0.9725793812438503	0.005402466008120323	0.022018152748029263	0.0036329929190664413
320	0.982547684153164	0.0	0.017452315846836076	0.016297797378334596
321	0.9750092896461343	0.0	0.02499071035386567	0.002949762230414189
322	0.9765043380605072	0.0	0.0234956619394928	0.0056749023143227925
323	0.9782103047493108	0.0	0.021789695250689224	0.009567152018083691
324	0.9776553877873848	0.0	0.022344612212615144	0.0155877975861858
325	0.9809883754762737	0.0	0.0190116245237263	0.0078042839133697795
326	0.9744279460119707	0.0	0.025572053988029364	0.0016928399968539256
327	0.9779909158378145	0.0	0.022009084162185468	0.008149510301496273
328	0.16526619729530923	0.7048779886043398	0.1298558141003509	0.004076667400915532
329	0.00524115521877454	0.8376350199545138	0.15712382482671164	0.006731340366675822
330	0.0062568264697922555	0.8274002067608239	0.16634296676938376	0.002834340869330014
331	0.002073491694740265	0.823411764512858	0.1745147437924017	0.0014014245848122779
332	0.005334357210975439	0.8254737489023177	0.16919189388670686	0.0015629382521680014
333	0.0019311091584632623	0.8170334021909715	0.18103548865056515	0.0034207166098944113
334	0.008630928722808054	0.8221904837397166	0.16917858753747536	0.004902372153067424
335	0.005353955722433464	0.8206746192963507	0.17397142498121587	0.0012642711969244771
336	0.006614285103546336	0.8153115818669433	0.17807413302951042	0.005633784603119429
337	0.004590444697952292	0.8232906045679849	0.17211895073406294	0.006294807663547404
338	0.002200216708760245	0.8184593951576925	0.17934038813354722	7.61189866417966e-05
339	0.006350802292193693	0.8189443929878755	0.17470480471993083	0.008155763788233622
340	0.0018115589174824468	0.8229448342311656	0.17524360685135193	0.0013748207207399845
341	0.0025351416099966555	0.8149549152029015	0.18250994318710184	0.001136162515980386
342	0.003616635449453896	0.8193107106153897	0.1770726539351563	0.006803047696595871
343	0.00902192346693783	0.81799568940763	0.17298238712543218	0.006481744988488653
344	0.005287657564704043	0.821127941175216	0.17358440126007996	0.006711668923664326
345	0.000689552991980871	0.8142253427909487	0.18508510421707042	0.000496525197752237
346	0.0034105347771963435	0.819271174184159	0.17731829103864474	0.0010547489961312206
347	0.0031786452901564352	0.8060148441983759	0.19080651051146774	0.002660249232175562
348	0.00783150929056197	0.8170247437906466	0.17514374691879145	0.010196586874285233
349	0.006501802235962755	0.8198642893714563	0.17363390839258103	0.0001657792806009476
350	0.005485072816329543	0.8147898759011911	0.17972505128247931	0.0007551566756216607
351	0.004533163941120168	0.820784288944871	0.17468254711400882	0.0010829859959260893
352	0.003468615914647237	0.8146692611693815	0.18186212291597123	0.004338041544231177
353	0.002396785729102826	0.8138982168230561	0.18370499744784108	0.002468497800429635
354	0.004916196992145345	0.8190915038549104	0.17599229915294423	0.0030384637491116325
355	0.006965780935496845	0.8227456005695895	0.17028861849491372	0.003942248875849393
356	0.0046462861930962485	0.8189382023819967	0.1764155114249071	0.004289659382815423
357	0.0012553881268800766	0.8209599287815784	0.17778468309154147	0.006044442742814162
358	0.0006739561261353644	0.8127318141515353	0.18659422972232934	0.00393451013572575
359	0.00165391369457803	0.8189541124428779	0.1793919738625441	0.004055995387117496
360	0.0	0.8159424874581714	0.1840575125418285	0.00124612886238938
361	0.00037061262554949223	0.8178139495392234	0.18181543783522722	0.003005373053662304
362	0.005952551874406775	0.8166033903014582	0.17744405782413494	0.0031297875484375976
363	0.0023405730524112037	0.8082495436451083	0.18940988330248043	0.001140600065457158
364	0.0	0.8089670954731313	0.19103290452686872	0.005919272964417493
365	0.0020688471595254714	0.8141261278925329	0.18380502494794165	0.005159054574513593
366	0.004346527826175133	0.8155975063057338	0.18005596586809106	0.004064640870801683
367	0.007656364134490838	0.812949227901775	0.17939440796373418	0.006488940624956724
368	0.006644785016000527	0.8212244295574428	0.17213078542655677	0.010906900078110314
369	0.00048757214693303337	0.8111103732768415	0.1884020545762254	0.0039967736551714435
370	0.001306847004696142	0.8157613707704229	0.18293178222488096	0.002048892244598252
371	0.0016481976394235758	0.8119508098311106	0.1864009925294659	0.003163124537204059
372	0.0032700989551211566	0.812518349449805	0.1842115515950737	0.0065523953464353005
373	0.0060440902140093695	0.8177820392579722	0.17617387052801847	0.008417345286595837
374	0.004872101549928726	0.813988868617653	0.1811390298324183	0.006417179055861606
375	0.007295670146817282	0.8227577387110308	0.169946591142152	0.007267290479222876
376	0.0046609057745483845	0.8215198879406383	0.1738192062848133	0.004026634391190622
377	0.0033162407075030278	0.8156186010626103	0.18106515822988678	0.0043823286619032184
378	0.004713085644411651	0.8109103625673691	0.18437655178821907	0.011245101043322629
379	0.0011651135521841768	0.8171978091544747	0.18163707729334114	0.007903969271962078
380	0.006689436277273992	0.8169579582334192	0.17635260548930684	0.004984787912594064
381	0.00404494555359991	0.8157895666943291	0.18016548775207097	0.0004098949481281098
382	0.008285495471697503	0.8045663215174789	0.18714818301082353	0.015599635576030483
383	0.006571485796193099	0.8130648405705952	0.18036367363321157	0.0032779766752116034
384	0.0040782010645893105	0.8135246032932248	0.1823971956421858	0.0007643456448103188
385	0.00879373680598265	0.8081180116383664	0.18308825155565092	0.013587772205937612
386	0.006225152255717264	0.8122287921643983	0.1815460555798845	0.006089885911893616
387	0.006558088032893444	0.8114890071141634	0.18195290485294313	0.004632584490260181
388	0.005007164033092026	0.8101786878629924	0.18481414810391555	0.00768551789337199
389	0.002176870355156323	0.8150610914710625	0.18276203817378112	0.007351493428181696
390	0.008240256694427564	0.8078715113077497	0.18388823199782275	0.00641615242621147
391	0.001885230446516747	0.8047590718763072	0.19335569767717603	0.0037752296304076286
392	0.0038792864947147163	0.7996859982862212	0.1964347152190641	0.0008230209683167345
393	0.0014577533923334528	0.8114620130615353	0.18708023354613115	0.004779952466255771
394	0.003588239512045572	0.8047420938401845	0.19166966664777	0.0064618625009843925
395	0.009727711409688259	0.809370143614976	0.18090214497533577	0.006563199511147367
396	0.005313743314282552	0.806602106884435	0.18808414980128246	0.0017551156191464457
397	0.0038465568874963625	0.8076323809715553	0.18852106214094827	0.006873367395816
398	0.006207019622016082	0.8067262489344738	0.18706673144351016	0.011069265805794058
399	0.007127444347846349	0.8076902050623402	0.18518235058981344	0.004043913584039788
400	0.006989049105574157	0.8117096784881028	0.18130127240632302	0.003814929498089262
401	0.0038800118988776217	0.810358706293396	0.1857612818077263	0.0029967778510389107
402	0.009385968567050436	0.8049591321122289	0.18565489932072063	0.005403670173265943
403	0.007746759466503791	0.8024762328430902	0.1897770076904059	0.009729883871939075
404	0.002793726752857583	0.8020234280513706	0.1951828451957718	0.0032114596553532927
405	0.0017835332744575722	0.8126588053542516	0.18555766137129073	0.003926521747777867
406	0.008466496384823755	0.8070818842420461	0.18445161937313012	0.0057293993185409875
407	0.00354386961684855	0.8016664301561741	0.1947897002269773	0.0035185495944868236
408	0.004449043021002103	0.810420958016639	0.1851299989623589	0.005751318710417858
409	0.004244176124381464	0.8096395350770088	0.18611628879860972	0.004996347994102193
410	0.0	0.8064199614994008	0.19358003850059924	7.543251194904333e-05
411	0.005138432353258627	0.8082634923592767	0.1865980752874646	0.004929986097377612
412	0.003304210557712957	0.8017813182329319	0.19491447120935523	0.005424827640674148
413	0.0020019403257276283	0.8044107381756969	0.19358732149857552	0.0001963934148304338
414	0.0014669022065445078	0.8030432480125589	0.19548984978089662	0.0031625305248981187
415	0.0012663945725539722	0.8038159820644729	0.19491762336297327	0.009507610548570385
416	0.0016918228223869475	0.8022752399458483	0.19603293723176476	0.006519796837725144
417	0.007000907715661747	0.8013192953013143	0.19167979698302395	0.006076371230751362
418	0.004102929340705649	0.8022369090244544	0.1936601616348399	0.00011934024860562714
419	0.003622389146425092	0.8010421063074087	0.19533550454616616	0.004592520548904722
420	0.0005596364003380395	0.8060824907994055	0.19335787280025635	0.007710083954080518
421	0.002186659116376574	0.8087493489764707	0.1890639919071528	0.009149160526460852
422	0.0008905346921920125	0.8018808896133778	0.1972285756944303	0.003100692919558303
423	0.002586060932787888	0.809742637647191	0.18767130142002106	0.009529165912340775
424	0.00398925235965086	0.8062342452058752	0.18977650243447403	0.002045818999019625
425	0.002943035849479233	0.8072359282515406	0.18982103589898022	0.0070156201204545346
426	0.0	0.8033663700055139	0.19663362999448605	0.0006351709315122203
427	0.00017991292685617678	0.8046865104526298	0.195133576620514	0.0011611069594585496
428	0.005500588865971986	0.7979059110103798	0.1965935001236483	0.007600746527307978
429	0.0	0.8003406762350475	0.19965932376495257	0.0010330785787138737
430	0.001355923815348811	0.7950839603339117	0.20356011585073944	0.0021037086946316948
431	0.0026775208943754553	0.8001469203316682	0.19717555877395634	0.0010452484702680026
432	0.005572979204560816	0.7994155926978598	0.1950114280975794	0.004627688403055854
433	0.004242659078504751	0.7977370934811212	0.19802024744037403	0.0007084891632371297
434	0.003926602373214218	0.7960302755862403	0.20004312204054545	0.009820601318139749
435	0.005193205264422617	0.7951819884289031	0.19962480630667434	0.004178975366347149
436	0.003037310761455361	0.8038162425654157	0.1931464466731289	0.0031623020136965626
437	0.0034013201260866214	0.7944219783056464	0.20217670156826695	0.009999612573345132
438	0.001661338655605795	0.7995928922660006	0.19874576907839359	0.004026884695147278
439	0.0016989999275034712	0.8025139363537431	0.19578706371875346	0.004890191812986887
440	0.006931784963721409	0.7986054366804735	0.1944627783558052	0.0037938772906467547
441	0.003892029040769879	0.793054346063881	0.20305362489534912	0.005361499122362785
442	4.2774412429232456e-05	0.7908747003275595	0.20908252526001125	0.0014884526176488493
443	0.0005416580713532192	0.7952595580742657	0.2041987838543811	0.0008860223471080663
444	0.0002991606961863883	0.7954867812744996	0.20421405802931414	0.00254746483647947
445	0.005010471070407671	0.7935879634702601	0.2014015654593322	0.0008999640968680312
446	0.003572008450077831	0.7961004502791248	0.20032754127079738	0.000649411358157558
447	0.0027323196844031205	0.7921324100089784	0.20513527030661857	0.00776781012719827
448	0.0009553477101338462	0.7873455851562423	0.21169906713362388	0.0007560263495341474
449	0.0013079170803388244	0.7950329279504241	0.20365915496923714	0.003795300007153678
450	0.0007132519743516748	0.7914997045238926	0.20778704350175584	0.0018019036365105512
451	0.006655606169369365	0.7943273035600004	0.19901709027063025	0.010791863493805993
452	0.0015771048103883738	0.7892758607710315	0.20914703441858007	0.00027111660996649936
453	0.0	0.7913334354722005	0.20866656452779955	0.0011620713354921965
454	0.00013714554232878133	0.7947003750604679	0.20516247939720336	0.0015981326060976761
455	0.003331753811800347	0.784767552895894	0.2119006932923057	0.004453576916902875
456	0.006993247752981478	0.7910561828895007	0.2019505693575178	0.006755352539261427
457	0.0003327460095764414	0.7899885294293023	0.20967872456112124	0.0005097653860401758
458	0.002656652497549663	0.7921601349625134	0.20518321253993693	0.002986564245859817
459	0.005862416513696855	0.7937320183345558	0.20040556515174746	0.006634516020425274
460	0.0012210406506611925	0.7864027207610246	0.2123762385883142	0.006939333081724379
461	0.004450196800570717	0.7844986138961373	0.21105118930329198	0.006762017674656783
462	0.0037150705262343274	0.7906517513505672	0.20563317812319856	0.008000318330575273
463	0.0038887904502213333	0.7854091805916107	0.21070202895816786	0.0027398780643534486
464	0.006931879889209215	0.786965470178945	0.2061026499318457	0.0031847437825998455
465	0.0010232439475526321	0.7855345034075198	0.21344225264492755	0.002506286751066116
466	0.008720342487653831	0.7850295234534953	0.20625013405885076	0.012718363513163414
467	0.0015874515741794578	0.7845574088302334	0.2138551395955872	0.01165613351246258
468	0.007783840463968642	0.7904892486338908	0.20172691090214057	0.008738650832051853
469	0.006017316846962221	0.7820507604649097	0.211931922688128	0.0041426250893922285
470	0.005493641692354383	0.7886182210842722	0.2058881372233734	0.0020395788512425515
471	0.003776857853880243	0.7846548674951118	0.21156827465100791	0.0066874849110905524
472	0.0012164945970573595	0.7843856816143852	0.2143978237885574	0.002736288491827351
473	0.0028076207099407826	0.7819589821711633	0.21523339711889589	0.0034623099968465617
474	0.0	0.7838491777427042	0.2161508222572958	0.003014379804694111
475	0.0	0.7849768546807019	0.2150231453192981	0.0020509056216027354
476	0.005520791692473554	0.7783216425367612	0.21615756577076528	0.005534499219083736
477	0.004157609645185428	0.7836812533674349	0.21216113698737965	0.004099832443110841
478	0.002885545363161157	0.78274876657692	0.2143656880599188	0.0035358964480319013
479	0.003531308142894781	0.7829719872761169	0.2134967045809883	2.177413087266246e-05
480	0.0017302284823271928	0.7795817480693553	0.21868802344831748	0.005562326340449502
481	0.002571821837079693	0.7797933288659794	0.21763484929694094	0.006992842709149025
482	0.003365415841973792	0.7830109272225667	0.2136236569354595	0.0026634822487103284
