	0	1	2	LOF
0	0.9854593147551667	0.014540685244833377	0.0	0.008528997179369795
1	0.996756627464312	0.0018527791074005088	0.0013905934282874002	0.011329313541674891
2	0.9888660840918205	0.008426101528508539	0.0027078143796708995	0.002125865456768218
3	0.9905376035823991	0.0050664338396424055	0.004395962577958497	0.0006570580626119547
4	0.992021582141183	0.007978417858817026	0.0	0.004507862034411322
5	0.9919274594104313	0.0	0.008072540589568715	0.010662513149388469
6	0.995610680358845	0.0	0.004389319641154953	0.002816471917015647
7	0.9892791389762223	0.0	0.010720861023777749	0.003327551888182247
8	0.9926248998218717	0.0018511634560249158	0.005523936722103366	0.003113223960942009
9	0.1676392256198812	0.8323607743801189	0.0	0.00578525974706882
10	0.006113480074103991	0.993886519925896	0.0	0.0053813077752124065
11	0.007896358941957206	0.9921036410580427	0.0	0.0010725837621166016
12	0.004166156397601589	0.9944456961311646	0.0013881474712337343	0.0034262895470131938
13	0.007191035032349325	0.9928089649676507	0.0	0.00031533051201743274
14	0.0038975743583813238	0.9852051349422607	0.010897290699357989	0.0014589798090762932
15	0.010629088837531334	0.9893709111624687	0.0	0.002983197823059857
16	0.007519388809041541	0.9916427701361369	0.0008378410548215974	0.0007891760483660573
17	0.008666755084628474	0.9839208118013599	0.007412433114011625	0.003632020561515733
18	0.006705937928234679	0.9932940620717653	0.0	0.004290284148096959
19	0.004298822166492475	0.9877428822809486	0.007958295552558878	0.002082398776903542
20	0.008434477142956233	0.9879491290297913	0.003616393827252505	0.0061580175378221575
21	0.003951949574756633	0.9930153494304902	0.003032700994753224	0.003384488347955138
22	0.00455933602838069	0.9821726859535832	0.013267978018036192	0.0008218158181265326
23	0.005716727761124945	0.9878455012718201	0.0064377709670548925	0.0048195635809528976
24	0.011288852740637898	0.9871240617021456	0.0015870855572164934	0.004441882564344962
25	0.007493592876473845	0.9901281169353301	0.0023782901881960108	0.004706044436853397
26	0.0027109900492500293	0.9809774530199025	0.016311556930847456	0.0014508125920612354
27	0.005536258193152453	0.9884931139070327	0.005970627899814817	0.0009512784434873201
28	0.005169026410998543	0.9703230450253582	0.024507928563643352	0.004584009257935593
29	0.01000750414057216	0.9847942783398821	0.005198217519545759	0.00820413563916661
30	0.008679637343228352	0.9891333841024313	0.002186978554340356	0.0021815982057229347
31	0.007654115931201015	0.982222391263275	0.010123492805523894	0.0012368590007248053
32	0.006724954210710054	0.9894528542597405	0.0038221915295494455	0.0009124527363102872
33	0.005509734213983974	0.9809299643519915	0.013560301434024473	0.0024001428630529772
34	0.004439808889251902	0.9799994492613113	0.015560741849436703	0.0005313809311493147
35	0.007047711534668044	0.9865393024523862	0.006412986012945842	0.0010761969633790497
36	0.009202824564748906	0.990797175435251	0.0	0.0019637811487646325
37	0.00678711124314505	0.9870864460746378	0.006126442682217147	0.0023065819965066743
38	0.0033935784617839613	0.9896493868062979	0.0069570347319181615	0.008027146168768434
39	0.0027930030129962318	0.9784222799283219	0.018784717058681934	0.0019906296379488854
40	0.0038584709308990455	0.9859896546661828	0.01015187440291818	0.00209452779273589
41	0.0019180759704385275	0.9824980774727738	0.0155838465567877	0.0031606598006224127
42	0.00256419794543609	0.9839327670825841	0.013503034971979742	0.0010651990565115625
43	0.008088775863102433	0.9827376764217911	0.009173547715106485	0.0011872070325190105
44	0.004351885126277893	0.9711417703558423	0.02450634451787998	0.0030174396202683343
45	0.0015523428015731713	0.9720603205611503	0.026387336637276586	0.00771708614468111
46	0.004307461517459303	0.9791079369092011	0.016584601573339686	0.007098055706075992
47	0.0065677643026247024	0.9813313288889448	0.012100906808430631	0.0021142603688172426
48	0.0098140775385413	0.9772235205361601	0.0129624019252986	0.004570720157309389
49	0.008858723604008691	0.9887690248467823	0.002372251549208986	0.008937781648828058
50	0.002660530627673989	0.9747974449044234	0.02254202446790264	0.005905026471879983
51	0.0035042261340005086	0.981521321001167	0.014974452864832575	0.00010565071676301574
52	0.0038366550563010905	0.9756407965121258	0.020522548431573147	0.001255478185294569
53	0.005462845378833198	0.9760807561594816	0.01845639846168522	0.0046488996144300075
54	0.008359397246296807	0.9835944662812316	0.00804613647247162	0.006458989870054663
55	0.007069416760920022	0.9774647218862086	0.015465861352871426	0.004521666918020865
56	0.009605122964040973	0.9898426630065731	0.0005522140293859429	0.005301874140058916
57	0.0069359130368919055	0.9875590385736087	0.0055050483894992855	0.002090721637495633
58	0.005450107834186585	0.9789586045906978	0.015591287575115503	0.0025115518893664562
59	0.006876292500500236	0.973292608795608	0.019831098703891794	0.009367879230244056
60	0.0033628711571330556	0.9813472246116816	0.015289904231185356	0.0060112734007522345
61	0.008982471741472872	0.9817013364355892	0.009316191822937898	0.0030536556792392275
62	0.006312352097357233	0.97990013399266	0.01378751390998271	0.0023235809098971867
63	0.010573366751828761	0.9651390004639031	0.024287632784268057	0.013711531291415939
64	0.008824139553122407	0.9763309715820886	0.014844888864788948	0.0013720807829558377
65	0.006376367230465272	0.9771376887791898	0.01648594399034481	0.001153663985275347
66	0.011021732781098125	0.9696021741999945	0.019376093018907393	0.011704418393577304
67	0.008513052602774783	0.975357576613587	0.01612937078363818	0.004177381455536188
68	0.008820226209984268	0.9737830450563736	0.017396728733642144	0.002742377532416965
69	0.00731675031237427	0.9720667173475693	0.020616532340056365	0.005792321759307397
70	0.004359595169745742	0.9763904851448689	0.019249919685385346	0.005523839279725061
71	0.010507988746165353	0.9678875732332601	0.02160443802057448	0.004564377661704972
72	0.00412978685185619	0.9637765730315522	0.032093640116591604	0.0019431025252775328
73	0.006015460867200942	0.9570523191801442	0.03693221995265482	0.0009759952482215223
74	0.0036494564639257187	0.9721302031523223	0.024220340383751936	0.002949593908004934
75	0.00581055627146513	0.9634105847194883	0.030778859009046488	0.004641071587533118
76	0.012029061677101638	0.9704143557460373	0.017556582576861123	0.0046850748954109424
77	0.007688959610405759	0.9660881779798312	0.026222862409763213	0.00010493211147864591
78	0.006098218736300631	0.9675421104295198	0.026359670834179543	0.005029963633190849
79	0.008497727235570069	0.9654598332241952	0.026042439540234722	0.009243291815704
80	0.009350425393505283	0.9677658558990878	0.022883718707406856	0.0021982844441434815
81	0.009258777311652209	0.9721972718150749	0.01854395087327289	0.001972262106794658
82	0.006162847062996255	0.9704376136211091	0.023399539315894603	0.001158354252219685
83	0.011721735043523467	0.963636016581178	0.024642248375298437	0.003559095235423336
84	0.01007180280565953	0.9596534315901378	0.030274765604202565	0.007915028244325169
85	0.005013161133622087	0.9588176583786114	0.03616918048776639	0.0014270817484290474
86	0.004066311226616176	0.9732745191900642	0.022659169583319583	0.0057646757657644505
87	0.010836693405852447	0.9656443246125727	0.0235189819815748	0.003894337921258381
88	0.005781741070422201	0.9580096826176883	0.036208576311889555	0.0017403811784376271
89	0.006805468629133749	0.9699756612263726	0.02321887014449366	0.003914044506739143
90	0.006547824277504862	0.968766215630437	0.024685960092058253	0.00317542546980577
91	0.00022135616013495968	0.9655773159169525	0.03420132792291253	0.00140481516234683
92	0.007380939763795531	0.9658405736824554	0.026778486553749037	0.003152402033996038
93	0.005546770210481101	0.9570101276618315	0.03744310212768748	0.0036763010285555064
94	0.004185673710110386	0.9603422742461343	0.03547205204375537	0.0015452561894757388
95	0.003676394330981238	0.9591476507363943	0.037175954932624544	0.004920004721323345
96	0.003491529968161207	0.9605344891691345	0.035973980862704244	0.011279595584985735
97	0.0039057340391426454	0.9581535360516058	0.03794072990925149	0.00827631939070837
98	0.009353110662353406	0.9565508239933604	0.03409606534428607	0.00430311987885292
99	0.006385863220438758	0.9575699542268539	0.03604418255270728	0.0016370267544608826
100	0.005928208222441518	0.9557192611987319	0.038352530578826614	0.00284359723910766
101	0.0027871348140799603	0.9627362334362486	0.03447663174967134	0.005952036662679044
102	0.004518206458108303	0.9659735777892376	0.029508215752654044	0.007371095758790397
103	0.0030617715183291422	0.9562075051370988	0.04073072334457198	0.001391141805876725
104	0.004892984177277715	0.9670426730288667	0.02806434279385569	0.007758276618508671
105	0.006339765793399844	0.9625737849111868	0.0310864492954134	0.003818689380207014
106	0.005267496369853397	0.9634801979622495	0.03125230566789708	0.005255959703244521
107	0.0013209968993113828	0.9577307320053449	0.04094827109534386	0.0009215790317500497
108	0.0025144746643571162	0.9603564129025912	0.03712911243305176	0.0005961125581847061
109	0.007816462104354221	0.9514565082005916	0.040727029695054213	0.005861284787539168
110	0.0008506343964992634	0.9543849203721653	0.04476444523133537	0.0025175064620334797
111	0.003617084609631313	0.9461641196728948	0.050218795717473994	0.00042795027528139937
112	0.00494784720357579	0.9527469448972778	0.04230520789914631	0.0006463033284677316
113	0.007885931726778405	0.9518387487531185	0.040275319520103124	0.0029268510137761836
114	0.006604617929925377	0.9504466303568588	0.04294875171321586	0.0010160843470141138
115	0.006213468586725257	0.9471149972588762	0.046671534154398585	0.008142929032364845
116	0.007645954036254602	0.9461838348029603	0.04617021116078517	0.00246955775601106
117	0.005349011521734096	0.9575948387944623	0.03705614968380368	0.0014518461585014673
118	0.005632148726121897	0.9449626266445139	0.049405224629364135	0.00833774232184883
119	0.003979031463304529	0.9516915984158605	0.044329370120834974	0.0023384904199739917
120	0.004012435973607588	0.9556354465718406	0.04035211745455182	0.003191084839733616
121	0.009323953250408103	0.9506288613326636	0.040047185416928345	0.0020845281145364034
122	0.006200147405990865	0.9421335776694618	0.05166627492454733	0.0037175296116173733
123	0.002263406573725522	0.9390228392525595	0.05871375417371507	0.00012398647974553792
124	0.0027851529151770287	0.9445089967449568	0.05270585033986618	0.002508340323801763
125	0.002538249128337686	0.9454277635472782	0.05203398732438393	0.0009089130047604469
126	0.007316315307522122	0.9435810909995221	0.0491025936929557	0.0007659987796830222
127	0.005924473392594924	0.946474097200828	0.04760142940657708	0.0010196710788861322
128	0.004998450594573259	0.9405872095632043	0.05441433984222243	0.006143654129378036
129	0.003177826977681541	0.9344754921415578	0.0623466808807606	0.002361620396063538
130	0.0035921999614310363	0.9437484253680821	0.05265937467048672	0.002178208100268843
131	0.0028530479232509835	0.9388283300786248	0.05831862199812412	0.00022777724461374652
132	0.009064686626594506	0.9434950387803512	0.04744027459305424	0.009132549319510986
133	0.003792758037950088	0.9362276339770195	0.05997960798503055	0.0018609573932075396
134	0.0	0.9401058845125727	0.05989411548742722	8.600872906670463e-05
135	0.0024778198504657556	0.9426007858801292	0.05492139426940503	7.569758058491241e-06
136	0.005538656034234171	0.9299276683936115	0.06453367557215424	0.0028867540672828664
137	0.00939913111190844	0.9387754453182705	0.05182542356982107	0.005117146375646284
138	0.0026764253144901558	0.936479640690722	0.06084393399478794	0.0010846402720336712
139	0.004960108121412709	0.9389112866459618	0.05612860523262549	0.001401638400792515
140	0.008206987776931495	0.9407715505750778	0.05102146164799064	0.005040367428747483
141	0.0033939369829812127	0.9318198909140532	0.06478617210296567	0.005382251852956421
142	0.006690412620119107	0.9287718729223077	0.06453771445757314	0.00521055961513838
143	0.0060597801252656215	0.9369028321537589	0.05703738772097544	0.006412427302335284
144	0.006313465414618947	0.9312091793713083	0.062477355214072834	0.0011219088306823844
145	0.00928361279269855	0.9317092504797139	0.05900713672758763	0.0016128552819873892
146	0.0032770349391334965	0.93023628833042	0.0664866767304464	0.004062500516697157
147	0.011106919192978947	0.9294606321652311	0.05943244864178988	0.011136553476733447
148	0.003846853286011332	0.9270721252575276	0.0690810214564612	0.010151078526787788
149	0.010181848165646675	0.9361681853752996	0.053649966459053844	0.0071521951171690384
150	0.008247466438769478	0.924084920931604	0.06766761262962663	0.0026377438050274407
151	0.00788792268493849	0.9326999036400969	0.059412173674964465	0.000488345322293744
152	0.006042945047999787	0.9274972423703635	0.06645981258163679	0.005171135832690451
153	0.003453339659271669	0.926362814040516	0.0701838463002123	0.001248921171866048
154	0.005076596175543104	0.9229121316563951	0.07201127216806183	0.0019820637376254777
155	0.0018131790138562647	0.9258699112449083	0.07231690974123552	0.0015962832030260773
156	0.0005094038823233643	0.9280515221281146	0.07143907398956205	0.0008330891861969506
157	0.007748219658407916	0.9188063718544519	0.07344540848714011	0.004051541952773984
158	0.0064914667881180235	0.9259120102650092	0.06759652294687267	0.0025826102444525337
159	0.005194267755901069	0.9239248531074861	0.07088087913661281	0.0020471487585291812
160	0.005754948644048701	0.9247478529955291	0.06949719836042233	0.0015113103498972703
161	0.003950243343144697	0.9189846312727685	0.07706512538408684	0.004119753162134955
162	0.004817010001062622	0.9199623021816141	0.0752206878173233	0.005525949580118715
163	0.005763158631651263	0.923999080808582	0.07023776055976678	0.001165543249281124
164	0.0023141050466722705	0.9114969532510881	0.08618894170223947	0.0016621237651980023
165	0.007997010183285138	0.9107511495944561	0.08125184022225877	0.0015145166376234554
166	0.005877995895014257	0.916336972329729	0.07778503177525682	0.0034137227491731156
167	0.0035245867543021885	0.9112702925682695	0.08520512067742836	0.0017766050926786093
168	0.003884680952855832	0.9083686438792455	0.08774667516789872	0.002692877132066655
169	0.005329738140524664	0.8978911767101524	0.09677908514932287	0.0055715672730037216
170	0.006788806815038004	0.9028244691794334	0.09038672400552854	0.0008606421992117928
171	0.0019873303663835514	0.9126595472592999	0.08535312237431676	0.0001664311389112006
172	0.0018753519461329087	0.8964212608566622	0.10170338719720495	0.0014392312728045613
173	0.004336976594858599	0.9109697864742686	0.08469323693087287	0.0014701584927114427
174	0.001956485033366268	0.9017256818639297	0.09631783310270392	0.0036270565578963637
175	0.0	0.9061360855216277	0.09386391447837221	0.0052931033950548104
176	0.00035868067902285563	0.8857818382573939	0.11385948106358323	0.003243642514737596
177	0.00245467184981946	0.8948618137177381	0.10268351443244253	0.0019297726287021456
178	0.0023173101605807422	0.88844204295505	0.1092406468843692	0.005647597720487451
179	0.00653820258429556	0.9013111642024814	0.09215063321322299	0.007627748409090289
180	0.006472539559354293	0.8898205731334264	0.10370688730721911	0.006181057321267183
181	0.0037443102784383508	0.8912809416118311	0.1049747481097305	0.006414733964103613
182	0.002479640359415581	0.8847870096382371	0.1127333500023474	0.0002520917244795048
183	0.008631011643038639	0.8843158773608385	0.10705311099612284	0.009692680459018886
184	0.0012991914887059272	0.8962196151504255	0.10248119336086854	0.0010447568803959848
185	0.0030419642085269725	0.8852653266248584	0.1116927091666147	0.004744755146224939
186	0.005945013518732678	0.889177323110271	0.10487766337099638	0.0039049984986971042
187	0.004272269613204373	0.8832046490873522	0.1125230812994435	3.592739901810332e-05
188	0.00343858848843252	0.8842966127939768	0.11226479871759058	0.0015672616311852594
189	0.008324684027264936	0.8823904580639422	0.10928485790879279	0.008651133117242898
190	0.0048993206932310095	0.8748355591178016	0.1202651201889672	0.0010523442119124784
191	0.006306023804728866	0.8768469571290683	0.11684701906620276	0.002346826152542982
192	0.0027766821705541714	0.8746638492396198	0.12255946858982604	0.008567964556030616
193	0.004306617349350267	0.8791290833589784	0.11656429929167127	0.0007827364241443596
194	0.010621160219439353	0.870946618468153	0.11843222131240771	0.010950495115823747
195	0.0007609811010630087	0.866676654331184	0.13256236456775283	0.0019711692599196
196	0.0018825886452083604	0.8570335524648256	0.1410838588899661	0.0011598688206741826
197	0.0042721028170812775	0.8612748215682335	0.1344530756146852	0.007899634083233093
198	0.009554748440127646	0.8551053811950616	0.13533987036481077	0.005105808277928235
199	0.005283145965673	0.8482792244236305	0.14643762961069645	0.0026856902411857694
200	0.002759696344474271	0.8614797874122322	0.13576051624329352	0.004376539013899805
201	0.0028560152565971133	0.8540540383452501	0.14308994639815276	0.002892559295638451
202	0.004288615523904756	0.850687512967949	0.14502387150814625	0.0013004065829558126
203	0.001843524365274201	0.8374311871986574	0.16072528843606837	0.002681059303324489
204	0.0017693938846052256	0.8470775227643487	0.15115308335104613	0.0025742444644219348
205	0.0	0.8380563846633092	0.16194361533669072	0.00446300057975526
206	0.0014036551126758025	0.8351396432966128	0.16345670159071124	0.002159763323159754
207	0.0030543723374389545	0.8301515802621793	0.16679404740038167	0.0038488375327138434
208	0.0	0.81463881820808	0.18536118179191982	0.004247614498275132
209	0.0006231731042365073	0.8143872852137691	0.18498954168199433	0.003055396545229312
210	0.0	0.7998933441220771	0.2001066558779228	0.0040459838600416485
211	0.00831625496839416	0.8130605299046986	0.17862321512690735	0.011821498190593666
212	0.002877045627855589	0.8039907278969516	0.1931322264751928	0.0029774482404451544
213	0.0020847946498147815	0.8057240953286298	0.19219111002155545	0.002092157122922712
214	0.000869015916902358	0.7961773200641769	0.20295366401892068	0.002734879700364237
215	0.005069522377848317	0.7850063297955123	0.20992414782663946	0.0038730675238714237
216	0.0023667335627360164	0.7740271687178185	0.22360609771944542	0.00038068654358840767
217	0.0	0.783452905419387	0.2165470945806131	0.008891872023232779
218	0.0009754607016234455	0.7695273826781054	0.22949715662027112	0.004263630192878172
219	0.003680362080998156	0.7577044591116666	0.23861517880733532	0.002355964381321199
220	0.0069311952282965755	0.7609970329365512	0.23207177183515218	0.007576933171656628
221	0.0	0.746535371336029	0.2534646286639709	0.003343486111609611
222	0.00048592240936509983	0.7412518989945267	0.2582621785961081	0.0040618076931419065
223	0.0050782945952450005	0.7267864675997687	0.26813523780498644	0.003744257155661665
224	0.003899478199133871	0.7168849160732005	0.27921560572766563	0.006463724396275628
225	0.003985355304729206	0.7063226048596309	0.28969203983564	0.0004627166555012043
226	0.0005321353112438117	0.7036804501999206	0.29578741448883544	0.0041540359964965645
227	0.004966706489922794	0.6869300401434782	0.308103253366599	0.002208484434080419
228	0.001002965555099129	0.6705715668389906	0.32842546760591035	0.0029351219002144817
229	0.0	0.6527599327261392	0.3472400672738608	0.011300617760004829
230	0.00585455158993478	0.6319631471259372	0.3621823012841281	0.006853984074521431
231	0.005058906367830229	0.6212129527875249	0.37372814084464484	0.005655143390813085
232	0.003267728833042005	0.6043145834329353	0.39241768773402264	0.0016894984430366642
233	0.00420102344304666	0.5853481612443018	0.41045081531265165	0.0077408764977832745
234	0.002532880472398309	0.5544254239134319	0.4430416956141699	0.001019962757714953
235	0.0032560083730196563	0.5465173424630406	0.4502266491639398	0.002976459054168512
236	0.00025199251257702047	0.5039428626229753	0.49580514486444777	0.0022853895339626255
237	0.004417703388768961	0.4840498327674378	0.5115324638437933	0.0002564994966225325
238	0.0012665294391095727	0.4779426870886705	0.52079078347222	0.006771628457576054
239	0.006019228110437368	0.42149989886538697	0.5724808730241757	0.0030726648941348366
240	0.00587191891011945	0.3996464135252453	0.5944816675646354	0.004166832523661243
241	0.002855641679584967	0.38419204821693426	0.6129523101034808	0.004054752547277494
242	0.006778887655541174	0.36114455886506097	0.6320765534793977	0.0018445036661844927
243	0.006047175704826316	0.34907423740079063	0.6448785868943832	0.0010692369965113523
244	0.004462576955771763	0.32854072930396216	0.666996693740266	0.005898158017254913
245	0.003607964776624272	0.3145240074481699	0.6818680277752058	0.0023148499879133942
246	0.0017285199823563456	0.29777396580561016	0.7004975142120334	0.003028543880153167
247	0.004527256046186991	0.2910160755611823	0.7044566683926307	0.008374313428426046
248	0.004486550801718857	0.2714078623849113	0.7241055868133698	0.0010577259171115926
249	0.003910008300690272	0.2657307774406346	0.7303592142586751	0.003346128863949206
250	0.00632673051104136	0.26795869800584987	0.7257145714831087	0.0006694356399893829
251	0.009012745498240667	0.25875696963555084	0.7322302848662084	0.00547551687471602
252	0.008843743955496022	0.2549687121809262	0.7361875438635778	0.0034097529593663466
253	0.00257080622593161	0.24762064494824673	0.7498085488258216	0.0009624988752148741
254	0.005759242086709208	0.24785646539645237	0.7463842925168385	0.009218180299466989
255	0.00834721555128408	0.2317801259049344	0.7598726585437815	0.0018763490176268085
256	0.006497006280266992	0.23710748868517356	0.7563955050345594	0.003125340932284414
257	0.002960213104345592	0.22666560950113945	0.7703741773945149	0.005657064978248956
258	0.006187079337825998	0.22855388148644085	0.7652590391757331	0.0051748682402628495
259	0.0012068525761354007	0.21332109584450926	0.7854720515793553	0.0026914858086591604
260	0.004632101272359541	0.20460675282554866	0.7907611459020918	0.0010670549051184247
261	0.00879740948412477	0.20632051970099904	0.7848820708148763	0.0009173072082526302
262	0.004482738854144545	0.20184077756749894	0.7936764835783565	0.001989540632367691
263	0.005064251239346747	0.17663553767159115	0.818300211089062	0.005332991834963933
264	0.002259081135413236	0.19694160106432693	0.8007993178002598	0.00019535238463866785
265	0.007824878696329718	0.17575111527270393	0.8164240060309663	0.011426341794303244
266	0.002862113419358799	0.17156125948150439	0.8255766270991369	0.003752332579194396
267	0.00524453558123112	0.17052278574896418	0.8242326786698047	0.003153221930754362
268	0.0077602409298639045	0.17390182373895	0.818337935331186	0.010719742360942312
269	0.007133464855483317	0.17241670130144135	0.8204498338430753	0.000817663744315577
270	0.0032184833810055304	0.15545869605094834	0.8413228205680461	0.005555108959294401
271	0.005769869538077507	0.1646023187921667	0.8296278116697557	0.003333106313408667
272	0.003906455594303595	0.15161963665173844	0.8444739077539579	0.00019402100795663126
273	0.009047054728408322	0.14539146409667528	0.8455614811749164	0.004108245385442284
274	0.0	0.14548259186369233	0.8545174081363077	0.00427960614440104
275	0.0022470200062735687	0.14300481025169037	0.8547481697420359	0.0001832136298615266
276	0.0057819114555533865	0.14517019597449093	0.8490478925699556	0.004347407346333683
277	0.0	0.1400097128058793	0.8599902871941207	0.005933153576562456
278	0.004925318500168376	0.13783847586283818	0.8572362056369935	0.0032419237226225814
279	0.0037434803267328317	0.13260242710575096	0.8636540925675162	0.0019197891518430467
280	0.004696362266398346	0.12606972547100628	0.8692339122625954	0.002172893143182252
281	0.001394891047155728	0.12546732680995284	0.8731377821428915	0.0036058035709648005
282	0.002411637601878541	0.11995208404784606	0.8776362783502754	0.0005266626599456183
283	0.0028326253385740113	0.12098794083326161	0.8761794338281644	0.004949670197188456
284	0.002534163308576402	0.11330518068280054	0.8841606560086231	0.004746892863979976
285	0.008282960817492843	0.11081054215367334	0.8809064970288338	0.0054260722882731325
286	0.004543756544954002	0.11401776664745418	0.8814384768075919	0.0071852086367464344
287	0.006411882556482944	0.10716395796598954	0.8864241594775275	0.0036396319793090726
288	0.00503893323941188	0.10343403922780091	0.8915270275327871	0.002426813409518553
289	0.0	0.08619582664713564	0.9138041733528642	0.007179201451327216
290	0.0062352601635836885	0.08526070474918222	0.9085040350872341	0.0012258496390272343
291	0.003847376791937925	0.10638933762072005	0.889763285587342	0.0031817286415123077
292	0.005474212370615676	0.09412317809592392	0.9004026095334604	0.0039733242338901445
293	0.005720020136553573	0.10120382453272536	0.893076155330721	0.0001160776925089373
294	0.005638860524491409	0.09616131054096168	0.8981998289345469	0.011738046880988206
295	0.002559680444469114	0.09565442120864612	0.9017858983468848	0.005414547182101695
296	0.00822836377997258	0.08587389961479408	0.9058977366052334	0.0030040695862175236
297	0.006002145167591206	0.08106285063258101	0.9129350041998279	0.002939372932326413
298	0.0017940464552113349	0.07717215846048446	0.9210337950843043	0.0005832012032533102
299	0.008481034601084198	0.0719828695205955	0.9195360958783203	0.009056779385843412
300	0.003758257535079702	0.07065934163107099	0.9255824008338494	0.0055454524336798925
301	0.008910007798878346	0.06584010984098128	0.9252498823601404	0.00980956013387193
302	0.009287676165810627	0.06537398705056881	0.9253383367836205	0.0013833941273642832
303	0.006095094992454228	0.06525355858747359	0.9286513464200722	0.0016131157930184513
304	0.0018904273558827196	0.06342317589640276	0.9346863967477146	0.0009536235507686549
305	0.0004558025447265025	0.07141971668866283	0.9281244807666106	0.003717735808081408
306	0.006504806758236708	0.05797336096200156	0.9355218322797617	0.005799168376049584
307	0.0	0.049962494912354265	0.9500375050876457	0.004280788939639418
308	0.0	0.044306424461884805	0.9556935755381152	0.002765049784144017
309	0.004099035942617787	0.04622946587913621	0.949671498178246	0.003966076912415775
310	0.0069859555239154755	0.05221116114266257	0.9408028833334219	0.010205016313078226
311	0.003832184609655518	0.04779621425212738	0.9483716011382171	0.00201753259142485
312	0.004052242666955746	0.039831110241490414	0.9561166470915539	0.003508744379011693
313	0.006675606849625409	0.041835126110330974	0.9514892670400437	0.0003027831219406536
314	0.005228321878119043	0.041155467825213926	0.953616210296667	0.0043029174948562236
315	0.003883140710822078	0.04327644541178658	0.9528404138773913	0.0009628526818479011
316	0.004486468473867162	0.03114731770596067	0.9643662138201722	0.010918657614205834
317	0.008375124614494264	0.03999170596259464	0.9516331694229111	0.00844650932022728
318	0.010914124841250627	0.04253691250665159	0.9465489626520978	0.009511682505870542
319	0.0059367289734508595	0.03294893121691418	0.961114339809635	0.00319626321556408
320	0.007120027276111578	0.030197780068826084	0.9626821926550623	2.5136933433925895e-05
321	0.007317165450278271	0.03812264133757044	0.9545601932121514	0.0026558192600483173
322	0.007286343065998938	0.03554461309535707	0.957169043838644	0.0077845399443470555
323	0.005302991929558527	0.034038245985863635	0.9606587620845778	0.0008926130818630099
324	0.007018663046300407	0.03729815630632142	0.9556831806473781	0.009247079426230787
325	0.007495871850847347	0.030048801677528596	0.9624553264716241	0.002876443560189437
326	0.008287777927287512	0.025789549683589142	0.9659226723891233	0.006615924356353898
327	0.004013579446261384	0.02926650339382574	0.9667199171599129	0.0013577282917704664
328	0.006641448158862142	0.02434173908595565	0.9690168127551821	0.010017027928131554
329	0.0066679311475251754	0.03354719431763875	0.9597848745348361	0.00802878788692475
330	0.00591722045663418	0.03511217379381426	0.9589706057495515	0.006718698826419218
331	0.006434985931184501	0.021456314586121197	0.9721086994826943	0.003598329468046416
332	0.005102740719114185	0.02889269652888902	0.9660045627519968	0.005351858344064599
333	0.006957780243812035	0.02918066952842272	0.9638615502277652	0.004342912172002486
334	0.007914607461620619	0.02347761846094553	0.9686077740774339	0.0076376014404923535
335	0.00893297861171593	0.018124789948828282	0.9729422314394558	0.008054274662727347
336	0.0077968384204145135	0.021072794444811086	0.9711303671347744	0.00169626727858925
337	0.011673909062581811	0.022657639412417545	0.9656684515250006	0.011975886206507221
338	0.007100245926713044	0.02707118325372871	0.9658285708195583	0.0030482598326910023
